Open,High,Low,Close,Volume,Dividends,Stock Splits
0.0,1.9351357221603391,1.904419282126048,1.9351357221603396,15566400,0.0,0.0
0.0,1.9351357326507568,1.9044192924499508,1.919777512550354,1931200,0.0,0.0
0.0,1.9197776432960263,1.9044194221496582,1.9044194221496584,2074800,0.0,0.0
0.0,1.9197776432960263,1.9044194221496582,1.9044194221496584,4930800,0.0,0.0
0.0,1.9197771783734927,1.8737025260925293,1.8737025260925293,4654400,0.0,0.0
0.0,1.8583447306320584,1.7508371842318569,1.7815536260604858,3006800,0.0,0.0
0.0,1.889060854911804,1.7201204532530248,1.889060854911804,1277600,0.0,0.0
0.0,1.919776940148724,1.842985862542775,1.8583440780639648,698400,0.0,0.0
0.0,1.8737022935851544,1.842985862542775,1.8583440780639648,262000,0.0,0.0
0.0,1.8583449254433315,1.8276284803946807,1.8429867029190063,480400,0.0,0.0
0.0,1.889060854911804,1.8429861999139552,1.889060854911804,582400,0.0,0.0
0.0,1.95049395275116,1.8737028522491452,1.919777512550354,1524800,0.0,0.0
0.0,1.9351357221603391,1.904419282126048,1.9351357221603396,2395200,0.0,0.0
0.0,1.9351357221603391,1.919777502143193,1.9351357221603396,1514400,0.0,0.0
0.0,1.9351358644423944,1.8890612010032901,1.9044194221496584,516000,0.0,0.0
0.0,1.9351358644423944,1.8890612010032901,1.9044194221496584,324000,0.0,0.0
0.0,1.9044194221496582,1.8890612010032901,1.9044194221496584,183600,0.0,0.0
0.0,1.9044186127286,1.8276275396347048,1.8276275396347048,554400,0.0,0.0
0.0,1.842986702919006,1.7969120353460308,1.8429867029190063,304400,0.0,0.0
0.0,1.873703147967656,1.842986702919006,1.8429867029190063,516000,0.0,0.0
0.0,1.8890607435195168,1.8276278738115657,1.8737025260925293,620400,0.0,0.0
0.0,1.9351357221603391,1.8890610621089023,1.9351357221603396,1596800,0.0,0.0
0.0,2.042643559701516,1.9351360039277512,2.02728533744812,1371600,0.0,0.0
0.0,2.150150071019712,2.058000782261724,2.119433641433716,1897200,0.0,0.0
0.0,2.1194348759121358,2.0580019809581613,2.0733602046966557,604800,0.0,0.0
0.0,2.088716983795166,2.058000557562884,2.088716983795166,171200,0.0,0.0
0.0,2.073360204696655,2.0426437572196674,2.0733602046966557,192000,0.0,0.0
0.0,2.1040756915932266,2.058001041412353,2.058001041412353,1219600,0.0,0.0
0.0,2.0733600575476885,1.950494276359677,1.9658524990081787,1449600,0.0,0.0
0.0,2.0119271669536833,1.935136053711176,1.9658524990081787,252400,0.0,0.0
0.0,1.965852151705524,1.9197774918999255,1.9504939317703247,225600,0.0,0.0
0.0,1.9504940855887627,1.8583447587105533,1.9044194221496584,536000,0.0,0.0
0.0,1.9044190732444204,1.873702636579188,1.889060854911804,376800,0.0,0.0
0.0,1.9044190732444204,1.8583444182465716,1.889060854911804,803600,0.0,0.0
0.0,1.9504939421774847,1.8890610621089023,1.9351357221603396,519600,0.0,0.0
0.0,1.965852151705524,1.9197774918999255,1.9504939317703247,206400,0.0,0.0
0.0,1.965852151705524,1.935135711835125,1.9504939317703247,78000,0.0,0.0
0.0,1.965852499008179,1.935136053711176,1.9658524990081787,390400,0.0,0.0
0.0,1.9504939421774847,1.9351357221603391,1.9351357221603396,134400,0.0,0.0
0.0,1.95049395275116,1.919777512550354,1.919777512550354,95600,0.0,0.0
0.0,1.9504939317703245,1.935135711835125,1.9504939317703247,485600,0.0,0.0
0.0,1.965852151705524,1.9197774918999255,1.9504939317703247,520800,0.0,0.0
0.0,1.965852151705524,1.935135711835125,1.9504939317703247,25200,0.0,0.0
0.0,1.9504939421774847,1.9351357221603391,1.9351357221603396,46400,0.0,0.0
0.0,1.9504939317703245,1.935135711835125,1.9504939317703247,161600,0.0,0.0
0.0,1.9965678499650583,1.9504932072735568,1.981209635734558,600000,0.0,0.0
0.0,1.9812103716407237,1.9504939317703245,1.9504939317703247,178400,0.0,0.0
0.0,1.965852499008179,1.935136053711176,1.9658524990081787,235200,0.0,0.0
0.0,1.965852151705524,1.9504939317703245,1.9504939317703247,192000,0.0,0.0
0.0,1.965852499008179,1.950494276359677,1.9658524990081787,655600,0.0,0.0
0.0,1.9812107216566803,1.935136053711176,1.9658524990081787,408000,0.0,0.0
0.0,1.981210392951965,1.919777512550354,1.919777512550354,310400,0.0,0.0
0.0,1.935135509909653,1.8276279815813388,1.889060854911804,150400,0.0,0.0
0.0,1.8890613704919812,1.8276284803946807,1.8429867029190063,486000,0.0,0.0
0.0,1.8429855296486304,1.7508362531661985,1.7508362531661987,240400,0.0,0.0
0.0,1.7508369116025548,1.5972547263742607,1.643329381942749,558800,0.0,0.0
0.0,1.7047613859176638,1.6433285431818918,1.7047613859176636,371200,0.0,0.0
0.0,1.7047625150320662,1.5972549690390532,1.6279714107513428,755600,0.0,0.0
0.0,1.6126125047702602,1.5511796474456787,1.5511796474456787,269600,0.0,0.0
0.0,1.5818963493268512,1.443672396473049,1.4897470474243164,620400,0.0,0.0
0.0,1.3208065882121047,1.1057915622240877,1.1211497783660889,1634400,0.0,0.0
0.0,1.2900898456573486,0.998283809139615,1.2900898456573486,1648800,0.0,0.0
0.0,1.3822402214181837,1.2900908733236378,1.3361655473709106,1183200,0.0,0.0
0.0,1.213299814860026,1.105792236328125,1.1518669128417969,652400,0.0,0.0
0.0,1.167225138346354,1.105792236328125,1.1518669128417969,3120400,0.0,0.0
0.0,1.1057914650958518,1.0443586059238599,1.059716820716858,744800,0.0,0.0
0.0,1.1672243131718163,1.0443585959958357,1.0904332399368286,875200,0.0,0.0
0.0,1.0904339705194743,1.0443592957087926,1.0750757455825806,768000,0.0,0.0
0.0,1.075075035509856,1.0443586059238599,1.059716820716858,126000,0.0,0.0
0.0,1.2593735456466677,1.0904331919623584,1.2593735456466677,2579200,0.0,0.0
0.0,1.320806270553952,1.1825823585192359,1.2900898456573486,653600,0.0,0.0
0.0,1.2593746361909088,1.1518670452965631,1.244016408920288,583200,0.0,0.0
0.0,1.1825833638509116,1.1365086873372396,1.1518669128417969,307200,0.0,0.0
0.0,1.1365079945080905,1.1057915622240877,1.1211497783660889,544800,0.0,0.0
0.0,1.136507868766785,1.1211496543239905,1.136507868766785,405200,0.0,0.0
0.0,1.1365079945080905,1.1057915622240877,1.1211497783660889,394000,0.0,0.0
0.0,1.1365077561802337,1.09043311741617,1.1057913303375244,718800,0.0,0.0
0.0,1.1365079945080905,1.0904333460820863,1.1211497783660889,308000,0.0,0.0
0.0,1.1672242976523737,1.1211496543239905,1.136507868766785,277600,0.0,0.0
0.0,1.1365077561802337,1.09043311741617,1.1057913303375244,385200,0.0,0.0
0.0,1.136507883877821,1.0904332399368286,1.0904332399368286,145200,0.0,0.0
0.0,1.1057913303375244,1.0443584786521063,1.1057913303375244,353600,0.0,0.0
0.0,1.1057914545838259,1.0597168106428334,1.0904332399368286,338400,0.0,0.0
0.0,1.0904332503028538,1.0443586059238599,1.059716820716858,204000,0.0,0.0
0.0,1.059716820716858,1.029000391130862,1.059716820716858,606400,0.0,0.0
0.0,1.1057913303375244,1.0597166915734608,1.1057913303375244,260000,0.0,0.0
0.0,1.167225138346354,1.0904340108235675,1.1518669128417969,557200,0.0,0.0
0.0,1.136507868766785,1.105791439881196,1.136507868766785,268400,0.0,0.0
0.0,1.151866083209579,1.1211496543239905,1.136507868766785,124800,0.0,0.0
0.0,1.1211495432588792,1.0597166915734608,1.1057913303375244,623200,0.0,0.0
0.0,1.1057921954563683,1.0597175206456866,1.0750757455825806,350800,0.0,0.0
0.0,1.0750757455825806,1.0290010707718984,1.0750757455825806,328000,0.0,0.0
0.0,1.0750751708870503,1.0136423039792188,1.0290005207061768,306000,0.0,0.0
0.0,1.0290005207061768,1.0136423039792188,1.0290005207061768,492800,0.0,0.0
0.0,1.044358737433135,1.0136423039792188,1.0290005207061768,286000,0.0,0.0
0.0,1.044358737433135,1.0136423039792188,1.0290005207061768,472400,0.0,0.0
0.0,1.1825823815245378,1.0290002540538186,1.1672241687774658,503600,0.0,0.0
0.0,1.2132988070186814,1.12114953053625,1.1672241687774658,391200,0.0,0.0
0.0,1.1825823815245378,1.151865956030394,1.1672241687774658,292800,0.0,0.0
0.0,1.213299036026001,1.151866173442406,1.213299036026001,596800,0.0,0.0
0.0,1.2286572516718997,1.197940820380102,1.213299036026001,234000,0.0,0.0
0.0,1.3515225676603095,1.2286568796911903,1.3208061456680298,930400,0.0,0.0
0.0,1.4129556538013928,1.3208063720317371,1.366881012916565,820800,0.0,0.0
0.0,1.3975980387793647,1.3054487175411646,1.382239818572998,468400,0.0,0.0
0.0,1.3975975676016374,1.3208064924586904,1.3515229225158691,322000,0.0,0.0
0.0,1.3515226954505557,1.2593734207607452,1.2900898456573486,308400,0.0,0.0
0.0,1.3515229225158694,1.2593736323443327,1.3515229225158691,243200,0.0,0.0
0.0,1.4436729213465815,1.3822400310765142,1.412956476211548,215200,0.0,0.0
0.0,1.4129562589857312,1.3668815983666314,1.382239818572998,151600,0.0,0.0
0.0,1.382239818572998,1.351523378160265,1.382239818572998,194800,0.0,0.0
0.0,1.3822393525730479,1.3515229225158694,1.3515229225158691,267600,0.0,0.0
0.0,1.4743891954421997,1.305448766797781,1.4743891954421997,553200,0.0,0.0
0.0,1.4743891954421997,1.4590309746563432,1.4743891954421997,258800,0.0,0.0
0.0,1.5051052644080716,1.4743888304405603,1.4897470474243164,300400,0.0,0.0
0.0,1.6586873806439917,1.4743887827946591,1.597254514694214,366800,0.0,0.0
0.0,1.720120191574097,1.5818962476083211,1.720120191574097,2301200,0.0,0.0
0.0,1.7201207358882111,1.6279714107513426,1.6279714107513428,1037600,0.0,0.0
0.0,1.6586876004655784,1.581896507851431,1.643329381942749,199200,0.0,0.0
0.0,1.6279714107513426,1.5972549690390532,1.6279714107513428,512000,0.0,0.0
0.0,1.6126126050949097,1.5665379592350548,1.6126126050949097,224800,0.0,0.0
0.0,1.6586873806439917,1.5818962982067697,1.597254514694214,103600,0.0,0.0
0.0,1.6740460733197768,1.6279714107513426,1.6279714107513428,679200,0.0,0.0
0.0,1.6126126050949097,1.5818961745216733,1.6126126050949097,116000,0.0,0.0
0.0,1.5972536790718157,1.5665372621665885,1.5818954706192017,351200,0.0,0.0
0.0,1.581895470619202,1.551179053713975,1.5818954706192017,202800,0.0,0.0
0.0,1.5818960761079697,1.5204632187833882,1.5511796474456787,146800,0.0,0.0
0.0,1.5665378617768242,1.5358214331145337,1.5511796474456787,104800,0.0,0.0
0.0,1.597254514694214,1.5358216487444365,1.597254514694214,368800,0.0,0.0
0.0,1.6279714107513426,1.5818967481829085,1.6279714107513428,167600,0.0,0.0
0.0,1.6279714107513426,1.5972549690390532,1.6279714107513428,192000,0.0,0.0
0.0,1.6433296316074872,1.612613189895198,1.6279714107513428,68800,0.0,0.0
0.0,1.643329381942749,1.6126129448970903,1.643329381942749,270800,0.0,0.0
0.0,1.6279709476691029,1.5818962982067697,1.597254514694214,108800,0.0,0.0
0.0,1.5972548933590158,1.5665384531021116,1.5665384531021118,42000,0.0,0.0
0.0,1.5972536790718157,1.5665372621665885,1.5818954706192017,176800,0.0,0.0
0.0,1.5818969404697416,1.5204640495777129,1.5358222723007202,309600,0.0,0.0
0.0,1.5358216983755837,1.4743888304405603,1.4897470474243164,86800,0.0,0.0
0.0,1.4897474162280555,1.4436727538704872,1.4743891954421997,202400,0.0,0.0
0.0,1.4590306435861895,1.4129559916834675,1.428314208984375,148800,0.0,0.0
0.0,1.505105637013912,1.428314533084631,1.4743891954421997,319200,0.0,0.0
0.0,1.505105637013912,1.4743891954421997,1.4743891954421997,141600,0.0,0.0
0.0,1.5665384856137359,1.4897473833777688,1.5204638242721558,79200,0.0,0.0
0.0,1.520463481391828,1.4743888304405603,1.4897470474243164,49200,0.0,0.0
0.0,1.4743894476639596,1.443673000837627,1.4590312242507937,524800,0.0,0.0
0.0,1.4590306358134493,1.4283142013752712,1.4436724185943604,179600,0.0,0.0
0.0,1.4743894476639596,1.428314777424461,1.4590312242507937,144400,0.0,0.0
0.0,1.53582227230072,1.4743893814086912,1.5358222723007202,185600,0.0,0.0
0.0,1.532725219823876,1.5172431468963623,1.5172431468963623,53200,0.025,0.0
0.0,1.54820729275139,1.5172431468963623,1.5172431468963623,178400,0.0,0.0
0.0,1.563689847185154,1.5172436141004466,1.5327256917953491,54000,0.0,0.0
0.0,1.5636900782585144,1.5327259182929989,1.5482079982757568,82400,0.0,0.0
0.0,1.5946526527404783,1.5482064589713382,1.5946526527404783,134000,0.0,0.0
0.0,1.6565819978713987,1.6101357736320137,1.6565819978713991,527200,0.0,0.0
0.0,1.6720640794286188,1.6101357801905218,1.6410999298095703,740800,0.0,0.0
0.0,1.6256167819199052,1.5946526527404783,1.5946526527404783,353600,0.0,0.0
0.0,1.6101363182067867,1.4862796783447263,1.5482079982757568,908000,0.0,0.0
0.0,1.5482079982757568,1.5327259182929989,1.5482079982757568,545600,0.0,0.0
0.0,1.5636900782585144,1.5327259182929989,1.5482079982757568,758000,0.0,0.0
0.0,1.54820729275139,1.5172431468963623,1.5172431468963623,130800,0.0,0.0
0.0,1.5482077694902516,1.5172436141004466,1.5327256917953491,336400,0.0,0.0
0.0,1.532725219823876,1.5017610739688485,1.5172431468963623,312000,0.0,0.0
0.0,1.5327256917953491,1.5172436141004466,1.5327256917953491,86800,0.0,0.0
0.0,1.5946526527404783,1.5172423297919115,1.5946526527404783,872400,0.0,0.0
0.0,1.5946539733924117,1.5791718959808347,1.579171895980835,157200,0.0,0.0
0.0,1.6720640794286188,1.6101357801905218,1.6410999298095703,399600,0.0,0.0
0.0,1.6565816470554895,1.625617504119873,1.625617504119873,162400,0.0,0.0
0.0,1.6565816505597188,1.6101354360580449,1.6101354360580444,307200,0.0,0.0
0.0,1.6565819978713987,1.6410999231249368,1.6565819978713991,550800,0.0,0.0
0.0,1.6565819978713987,1.6256178483784751,1.6565819978713991,347200,0.0,0.0
0.0,1.6565816505597188,1.5946533645574863,1.6101354360580444,805200,0.0,0.0
0.0,1.6256173943529033,1.5636891126632688,1.563689112663269,263200,0.0,0.0
0.0,1.6101354360580449,1.5017609355541377,1.6101354360580444,242000,0.0,0.0
0.0,1.7030290507395331,1.6256186393422818,1.687546968460083,414000,0.0,0.0
0.0,1.7494752975778842,1.6720648861806326,1.687546968460083,252400,0.0,0.0
0.0,1.7030274868011477,1.6720633506774902,1.6720633506774902,150000,0.0,0.0
0.0,1.733993215298434,1.6720648861806326,1.687546968460083,206400,0.0,0.0
0.0,1.7030290507395331,1.6720648861806326,1.687546968460083,828800,0.0,0.0
0.0,1.6720640794286188,1.6256178550000462,1.6410999298095703,310400,0.0,0.0
0.0,1.6720640794286188,1.6410999298095703,1.6410999298095703,203600,0.0,0.0
0.0,1.6720633506774902,1.641099214553833,1.6720633506774902,53600,0.0,0.0
0.0,1.7030274868011477,1.6256171464920044,1.6720633506774902,62800,0.0,0.0
0.0,1.7030282020568843,1.6720640529285775,1.7030282020568848,54000,0.0,0.0
0.0,1.7185095548629759,1.6565812826156616,1.6720633506774902,76800,0.0,0.0
0.0,1.6410988465096186,1.579170588150765,1.5946526527404783,88000,0.0,0.0
0.0,1.579172158241272,1.501761758327484,1.5482079982757568,335200,0.0,0.0
0.0,1.5791718959808347,1.5172435863345275,1.579171895980835,156000,0.0,0.0
0.0,1.579172158241272,1.5172438383102416,1.5482079982757568,187200,0.0,0.0
0.0,1.54820729275139,1.5172431468963623,1.5172431468963623,58400,0.0,0.0
0.0,1.5946532535080862,1.4862787605512258,1.563689112663269,192400,0.0,0.0
0.0,1.6101354360580449,1.5636892215563702,1.6101354360580444,233600,0.0,0.0
0.0,1.6101360508039884,1.5791718959808347,1.579171895980835,491600,0.0,0.0
0.0,1.5946532535080862,1.5636891126632688,1.563689112663269,25200,0.0,0.0
0.0,1.5946532535080862,1.5636891126632688,1.563689112663269,54800,0.0,0.0
0.0,1.5946532535080862,1.5482070422408605,1.563689112663269,64000,0.0,0.0
0.0,1.5946532535080862,1.5636891126632688,1.563689112663269,85200,0.0,0.0
0.0,1.579172158241272,1.5482079982757568,1.5482079982757568,52400,0.0,0.0
0.0,1.5791718959808347,1.5482077411576811,1.579171895980835,11200,0.0,0.0
0.0,1.5791719248800566,1.5327256917953491,1.5327256917953491,43200,0.0,0.0
0.0,1.579172158241272,1.5327259182929989,1.5482079982757568,30800,0.0,0.0
0.0,1.563689847185154,1.5172436141004466,1.5327256917953491,113200,0.0,0.0
0.0,1.5172438997971385,1.470797657966614,1.4707976579666138,92000,0.0,0.0
0.0,1.5327252403218694,1.4398328015144837,1.455314874649048,120000,0.0,0.0
0.0,1.4398331732853598,1.393386941889058,1.4243510961532593,574000,0.0,0.0
0.0,1.455314874649048,1.4243507283799188,1.455314874649048,94800,0.0,0.0
0.0,1.5172438997971385,1.439833496746264,1.4707976579666138,401200,0.0,0.0
0.0,1.5017611980438237,1.4707970496305487,1.5017611980438232,296400,0.0,0.0
0.0,1.5791719248800566,1.4862794587106414,1.5327256917953491,259600,0.0,0.0
0.0,1.54820729275139,1.5017610739688485,1.5172431468963623,94400,0.0,0.0
0.0,1.5172432722504607,1.4707970496305487,1.5017611980438232,110800,0.0,0.0
0.0,1.5327253464570982,1.4707970496305487,1.5017611980438232,243600,0.0,0.0
0.0,1.5017612042526405,1.4553149814407034,1.4862791299819946,434400,0.0,0.0
0.0,1.5299934677242004,1.4831569329979497,1.5143812894821167,346000,0.025,0.0
0.0,1.5456057786941526,1.5143814195286145,1.5456057786941528,475200,0.0,0.0
0.0,1.5612178919266682,1.5299935340881348,1.5299935340881348,101600,0.0,0.0
0.0,1.5768300708459349,1.5299935340881348,1.5299935340881348,111600,0.0,0.0
0.0,1.5456057130074017,1.5143813551688683,1.5299935340881348,124400,0.0,0.0
0.0,1.5924417264390698,1.5299930312845966,1.5768295526504517,210800,0.0,0.0
0.0,1.5924417264390698,1.561217378861833,1.5768295526504517,69600,0.0,0.0
0.0,1.5924421405792235,1.5612177848815918,1.5612177848815918,72000,0.0,0.0
0.0,1.5924417264390698,1.5768295526504517,1.5768295526504517,33200,0.0,0.0
0.0,1.5924422740936282,1.5768300949358471,1.5924422740936282,182800,0.0,0.0
0.0,1.6548903465270997,1.5924416542053224,1.6392781734466553,810400,0.0,0.0
0.0,1.670503073143509,1.639278716636154,1.6548908948898315,75600,0.0,0.0
0.0,1.670502519607544,1.6236660003662111,1.6392781734466553,34400,0.0,0.0
0.0,1.6548902736260342,1.6236659288406372,1.6236659288406372,130400,0.0,0.0
0.0,1.670502519607544,1.6236660003662111,1.6392781734466553,196800,0.0,0.0
0.0,1.6548903465270997,1.6080538272857667,1.6392781734466553,322400,0.0,0.0
0.0,1.6548902736260342,1.608053756447939,1.6236659288406372,257600,0.0,0.0
0.0,1.6392781012333355,1.5924415840552404,1.6236659288406372,212800,0.0,0.0
0.0,1.6080544970252295,1.5299935991113836,1.5456057786941528,201200,0.0,0.0
0.0,1.5612177848815918,1.5456056070327755,1.5612177848815918,208800,0.0,0.0
0.0,1.5768299627304077,1.5456056070327755,1.5612177848815918,2537600,0.0,0.0
0.0,1.6080534458160398,1.5612169376854756,1.60805344581604,927200,0.0,0.0
0.0,1.6548908948898315,1.592442181875121,1.6548908948898315,928000,0.0,0.0
0.0,1.670503073143509,1.639278716636154,1.6548908948898315,760800,0.0,0.0
0.0,1.670503073143509,1.639278716636154,1.6548908948898315,562800,0.0,0.0
0.0,1.670502519607544,1.6236660003662111,1.6392781734466553,501200,0.0,0.0
0.0,1.6392781734466553,1.6080538272857667,1.6392781734466553,70400,0.0,0.0
0.0,1.6392781012333355,1.608053756447939,1.6236659288406372,544800,0.0,0.0
0.0,1.6548908948898315,1.6236665383824764,1.6548908948898315,311200,0.0,0.0
0.0,1.6548902736260342,1.6236659288406372,1.6236659288406372,267200,0.0,0.0
0.0,1.6392781012333355,1.6236659288406372,1.6236659288406372,406000,0.0,0.0
0.0,1.6392781734466553,1.6236660003662111,1.6392781734466553,246800,0.0,0.0
0.0,1.6548902736260342,1.6236659288406372,1.6236659288406372,27600,0.0,0.0
0.0,1.6392781012333355,1.6236659288406372,1.6236659288406372,88000,0.0,0.0
0.0,1.6705032587051392,1.6236667187414435,1.6705032587051392,225200,0.0,0.0
0.0,1.7017278671264648,1.654891320324819,1.7017278671264648,232000,0.0,0.0
0.0,1.7017274296508649,1.639278716636154,1.6548908948898315,96800,0.0,0.0
0.0,1.6548903465270997,1.6236660003662111,1.6392781734466553,182400,0.0,0.0
0.0,1.6548902736260342,1.608053756447939,1.6236659288406372,250400,0.0,0.0
0.0,1.6392781012333355,1.5924415840552404,1.6236659288406372,109200,0.0,0.0
0.0,1.6080544532514085,1.5924422740936282,1.5924422740936282,31600,0.0,0.0
0.0,1.5924423174424602,1.5456057786941526,1.5456057786941528,179200,0.0,0.0
0.0,1.561217958276922,1.5299935991113836,1.5456057786941528,137600,0.0,0.0
0.0,1.5612177848815918,1.52999342918396,1.5612177848815918,30800,0.0,0.0
0.0,1.5768295526504517,1.561217378861833,1.5768295526504517,101600,0.0,0.0
0.0,1.5924417264390698,1.561217378861833,1.5768295526504517,72400,0.0,0.0
0.0,1.5924417264390698,1.561217378861833,1.5768295526504517,27200,0.0,0.0
0.0,1.5924417264390698,1.561217378861833,1.5768295526504517,33600,0.0,0.0
0.0,1.5924417264390698,1.561217378861833,1.5768295526504517,90800,0.0,0.0
0.0,1.5768299627304077,1.5456056070327755,1.5612177848815918,215200,0.0,0.0
0.0,1.5924417264390698,1.561217378861833,1.5768295526504517,50800,0.0,0.0
0.0,1.5924417264390698,1.561217378861833,1.5768295526504517,33200,0.0,0.0
0.0,1.5924417264390698,1.561217378861833,1.5768295526504517,14800,0.0,0.0
0.0,1.5768301378596912,1.5456057786941526,1.5456057786941528,292800,0.0,0.0
0.0,1.545605645966284,1.5143812894821167,1.5143812894821167,190800,0.0,0.0
0.0,1.5143808610737326,1.4987686872482302,1.49876868724823,80000,0.0,0.0
0.0,1.4987686872482302,1.4831565134227278,1.49876868724823,86000,0.0,0.0
0.0,1.4987683450022051,1.4363196639604463,1.4519318342208862,583200,0.0,0.0
0.0,1.4519318342208862,1.4207074937000068,1.4519318342208862,271200,0.0,0.0
0.0,1.5924422740936282,1.4363204825158211,1.5924422740936282,549600,0.0,0.0
0.0,1.6548908948898315,1.6080543601287989,1.6548908948898315,495600,0.0,0.0
0.0,1.6548899539466042,1.5768291070623304,1.60805344581604,305600,0.0,0.0
0.0,1.6236660740163065,1.561217378861833,1.5768295526504517,360400,0.0,0.0
0.0,1.5924417264390698,1.545605205073215,1.5768295526504517,66400,0.0,0.0
0.0,1.5768295526504517,1.545605205073215,1.5768295526504517,109600,0.0,0.0
0.0,1.5894187688827517,1.5579451298949742,1.5894187688827517,299600,0.025,0.0
0.0,1.620892407870529,1.5894187688827517,1.5894187688827517,342800,0.0,0.0
0.0,1.6838399239948818,1.6051558153969898,1.652366280555725,403200,0.0,0.0
0.0,1.6681039333343506,1.6366302742148346,1.6681039333343506,465200,0.0,0.0
0.0,1.8412081003189087,1.6681030652461908,1.8412081003189087,1452000,0.0,0.0
0.0,1.841208824823643,1.7782615145732616,1.8254719972610476,747600,0.0,0.0
0.0,1.872681743059403,1.8254712789486616,1.8412081003189087,464400,0.0,0.0
0.0,1.8726827017331529,1.8254722134541657,1.856945872306824,366400,0.0,0.0
0.0,1.8726823661638343,1.7782614065253215,1.8097350597381592,448000,0.0,0.0
0.0,1.8254719972610476,1.7310510318854757,1.8254719972610476,2678400,0.0,0.0
0.0,1.8254719972610476,1.793998342135857,1.8254719972610476,84400,0.0,0.0
0.0,1.856944921689156,1.8254712789486616,1.8412081003189087,113600,0.0,0.0
0.0,1.841208824823643,1.793998342135857,1.8254719972610476,102800,0.0,0.0
0.0,1.856944921689156,1.8254712789486616,1.8412081003189087,84800,0.0,0.0
0.0,1.8412082320765444,1.7939977645874023,1.7939977645874023,83600,0.0,0.0
0.0,1.8254719972610476,1.793998342135857,1.8254719972610476,100400,0.0,0.0
0.0,1.8412087129509969,1.7939982331317403,1.8097350597381592,68000,0.0,0.0
0.0,1.8412081003189087,1.793997636208167,1.8412081003189087,64400,0.0,0.0
0.0,1.872681743059403,1.8254712789486616,1.8412081003189087,212000,0.0,0.0
0.0,1.8254718863445782,1.7782614065253215,1.8097350597381592,377200,0.0,0.0
0.0,1.825471409580164,1.7939977645874023,1.7939977645874023,103600,0.0,0.0
0.0,1.8254718863445782,1.7939982331317403,1.8097350597381592,33200,0.0,0.0
0.0,1.8254718863445782,1.7939982331317403,1.8097350597381592,32800,0.0,0.0
0.0,1.8254718863445782,1.7939982331317403,1.8097350597381592,110400,0.0,0.0
0.0,1.856945872306824,1.7939985546015076,1.856945872306824,68800,0.0,0.0
0.0,1.8726827017331529,1.8412090428804948,1.856945872306824,438400,0.0,0.0
0.0,1.841208824823643,1.793998342135857,1.8254719972610476,1057600,0.0,0.0
0.0,1.856945872306824,1.8097353840278367,1.856945872306824,364400,0.0,0.0
0.0,1.84120774269104,1.715313196182251,1.7467868328094482,665600,0.0,0.0
0.0,1.762523889541626,1.731050248656954,1.762523889541626,309200,0.0,0.0
0.0,1.7782604694366455,1.7310500144958496,1.7467868328094482,194800,0.0,0.0
0.0,1.7625236511230469,1.7467868328094482,1.7467868328094482,289600,0.0,0.0
0.0,1.7625236511230469,1.7467868328094482,1.7467868328094482,95200,0.0,0.0
0.0,1.7625236511230469,1.7467868328094482,1.7467868328094482,125200,0.0,0.0
0.0,1.746787674860521,1.6995771971615878,1.7310508489608765,114800,0.0,0.0
0.0,1.7625236511230469,1.7310500144958496,1.7467868328094482,106400,0.0,0.0
0.0,1.7939977645874023,1.7467872970982599,1.7939977645874023,37600,0.0,0.0
0.0,1.8097342273830312,1.778260588645935,1.778260588645935,28400,0.0,0.0
0.0,1.8097350597381592,1.7782614065253215,1.8097350597381592,86000,0.0,0.0
0.0,1.8254718863445782,1.7782614065253215,1.8097350597381592,234800,0.0,0.0
0.0,1.8097341060638428,1.7467868328094482,1.7467868328094482,197200,0.0,0.0
0.0,1.762523889541626,1.7467870690992902,1.762523889541626,62000,0.0,0.0
0.0,1.762523889541626,1.7467870690992902,1.762523889541626,62800,0.0,0.0
0.0,1.7625236511230469,1.7467868328094482,1.7467868328094482,19200,0.0,0.0
0.0,1.7782604694366455,1.7467868328094482,1.7467868328094482,348400,0.0,0.0
0.0,1.762523889541626,1.7467870690992902,1.762523889541626,441600,0.0,0.0
0.0,1.7467884109654561,1.7153147459030151,1.7153147459030151,243600,0.0,0.0
0.0,1.7310508489608765,1.6995771971615878,1.7310508489608765,21600,0.0,0.0
0.0,1.7310515784342355,1.7153147459030151,1.7153147459030151,26000,0.0,0.0
0.0,1.7310502573295874,1.6995766162872314,1.6995766162872314,113200,0.0,0.0
0.0,1.6995766162872314,1.6838397957660534,1.6995766162872314,37600,0.0,0.0
0.0,1.7153147459030151,1.6681042483093542,1.7153147459030151,142000,0.0,0.0
0.0,1.7310502573295874,1.6995766162872314,1.6995766162872314,272000,0.0,0.0
0.0,1.7310508489608765,1.6995771971615878,1.7310508489608765,190400,0.0,0.0
0.0,1.7467884109654561,1.7153147459030151,1.7153147459030151,212000,0.0,0.0
0.0,1.7467868328094482,1.715313196182251,1.7467868328094482,60400,0.0,0.0
0.0,1.7782613266598095,1.7310508489608765,1.7310508489608765,67600,0.0,0.0
0.0,1.762523889541626,1.7153134282146183,1.762523889541626,185600,0.0,0.0
0.0,1.762524500760165,1.7310508489608765,1.7310508489608765,64800,0.0,0.0
0.0,1.7625236511230469,1.7310500144958496,1.7467868328094482,85200,0.0,0.0
0.0,1.7625236511230469,1.7310500144958496,1.7467868328094482,69600,0.0,0.0
0.0,1.7467868328094482,1.7310500144958496,1.7467868328094482,58400,0.0,0.0
0.0,1.762523889541626,1.731050248656954,1.762523889541626,248800,0.0,0.0
0.0,1.8069040458814236,1.7593539394108595,1.7910540103912354,111600,0.025,0.0
0.0,1.8386048078536987,1.7752046420656402,1.8386048078536987,76000,0.0,0.0
0.0,1.8544546742188304,1.7910545144164771,1.8069045543670652,105600,0.0,0.0
0.0,1.8069038923297611,1.7435037557567867,1.7752038240432741,1058000,0.0,0.0
0.0,1.8069040458814236,1.7435039039206717,1.7910540103912354,182400,0.0,0.0
0.0,1.8069040458814236,1.7593539394108595,1.7910540103912354,390800,0.0,0.0
0.0,1.7910538581865174,1.7752038240432741,1.7752038240432741,123600,0.0,0.0
0.0,1.8069038923297611,1.7752038240432741,1.7752038240432741,218000,0.0,0.0
0.0,1.8069040458814236,1.7752039749010475,1.7910540103912354,180400,0.0,0.0
0.0,1.8069045543670652,1.775204474465889,1.8069045543670652,109200,0.0,0.0
0.0,1.7910540103912354,1.7752039749010475,1.7910540103912354,118400,0.0,0.0
0.0,1.8193924427032468,1.8032916246262272,1.8193924427032468,466800,0.055,0.0
0.0,1.8354932607802668,1.8032916246262272,1.8193924427032468,127200,0.0,0.0
0.0,1.8515936136245728,1.8193919855615368,1.8515936136245728,30800,0.0,0.0
0.0,1.867693543434143,1.851592737025228,1.867693543434143,55600,0.0,0.0
0.0,1.867693543434143,1.851592737025228,1.867693543434143,49200,0.0,0.0
0.0,1.8676944276560907,1.8515936136245728,1.8515936136245728,45200,0.0,0.0
0.0,1.8676944276560907,1.8515936136245728,1.8515936136245728,82000,0.0,0.0
0.0,1.883794349843058,1.8354919306163129,1.867693543434143,236800,0.0,0.0
0.0,1.8998953542138777,1.8515929299542029,1.8837945461273196,101600,0.0,0.0
0.0,1.8837952416876087,1.8515936136245728,1.8515936136245728,160400,0.0,0.0
0.0,1.883794349843058,1.867693543434143,1.867693543434143,35200,0.0,0.0
0.0,1.8837945461273196,1.8676937380407608,1.8837945461273196,20800,0.0,0.0
0.0,1.948199987411499,1.86769585570028,1.948199987411499,242400,0.0,0.0
0.0,1.9643008137537428,1.948199987411499,1.948199987411499,79600,0.0,0.0
0.0,1.996500253677368,1.9159962111903777,1.996500253677368,278800,0.0,0.0
0.0,1.9804016400959863,1.9320991610692548,1.948199987411499,70000,0.0,0.0
0.0,1.9642988443374636,1.9159964137390009,1.9642988443374636,180000,0.0,0.0
1.98039944517997,1.996500253677368,1.9481978281851742,1.996500253677368,124000,0.0,0.0
1.9804002046585083,1.9965010193305288,1.964299389986488,1.9804002046585083,180400,0.0,0.0
2.0126010621747663,2.0126010621747663,1.9642986366825719,1.996500253677368,236400,0.0,0.0
2.012600579599696,2.044802188873291,1.9642981656893037,2.044802188873291,409600,0.0,0.0
2.044804456622101,2.109207746594451,2.044804456622101,2.0770061016082764,892000,0.0,0.0
2.0770039504224598,2.125306367874145,2.060903144605232,2.125306367874145,1088400,0.0,0.0
2.141407327865487,2.173608941818351,2.1253065208890547,2.157508134841919,372800,0.0,0.0
2.157509739237621,2.157509739237621,2.1092072823890167,2.141408920288086,529600,0.0,0.0
2.1414071736913742,2.1575079795086016,2.093104756239689,2.125306367874145,388400,0.0,0.0
2.1414079438237583,2.1897103786468506,2.1092063206083638,2.1897103786468506,572800,0.0,0.0
2.1897113771366894,2.1897113771366894,2.141408920288086,2.141408920288086,100400,0.0,0.0
2.1575098673502606,2.17361068725586,2.141409047444661,2.17361068725586,452400,0.0,0.0
2.1736105581871548,2.1736105581871548,2.1253081013385517,2.141408920288086,238000,0.0,0.0
2.141408920288086,2.141408920288086,2.1092072823890167,2.141408920288086,402000,0.0,0.0
2.157508755431456,2.221912001862245,2.1253071322160606,2.1897103786468506,194400,0.0,0.0
2.2058108444754962,2.270214080810547,2.1897100353917334,2.270214080810547,1333600,0.0,0.0
2.2702144400714195,2.399020933125117,2.254113628439707,2.3507184982299805,2786800,0.0,0.0
2.318517208099365,2.3346180220444994,2.3024163941542306,2.318517208099365,1008400,0.0,0.0
2.3507188359896345,2.3668196499347687,2.286315580209096,2.318517208099365,724800,0.0,0.0
2.302415370941162,2.3185161777309604,2.2863145641513642,2.302415370941162,398800,0.0,0.0
2.302415370941162,2.3185161777309604,2.2863145641513642,2.302415370941162,76000,0.0,0.0
2.3024166978638747,2.334618330001831,2.2863158817948968,2.334618330001831,285600,0.0,0.0
2.334617393117556,2.334617393117556,2.2702141546867263,2.2863149642944336,270800,0.0,0.0
2.2702141546867263,2.3024157739021414,2.254113345079019,2.2863149642944336,1048800,0.0,0.0
2.302416597093855,2.302416597093855,2.238013335636684,2.254114151000977,124400,0.0,0.0
2.2380139668782557,2.254114786783854,2.17361068725586,2.17361068725586,137200,0.0,0.0
2.141408920288086,2.1736105581871548,2.1092072823890167,2.141408920288086,282400,0.0,0.0
2.125306367874145,2.125306367874145,2.093104756239689,2.125306367874145,272000,0.0,0.0
2.1092074076334635,2.1897115071614586,2.1092074076334635,2.17361068725586,130400,0.0,0.0
2.1897103786468506,2.2058111902545483,2.173609567039153,2.1897103786468506,431600,0.0,0.0
2.1897115071614586,2.2058123270670573,2.1575098673502606,2.17361068725586,168400,0.0,0.0
2.1575098673502606,2.17361068725586,2.1575098673502606,2.17361068725586,114800,0.0,0.0
2.1575079795086016,2.1736087853258312,2.125306367874145,2.125306367874145,193200,0.0,0.0
2.12206768989563,2.12206768989563,2.07347071989802,2.12206768989563,193600,0.025,0.0
2.122067337686365,2.138266324996948,2.0896693630651995,2.138266324996948,544800,0.0,0.0
2.1382676318175813,2.1706656262390602,2.122068634606842,2.1544666290283203,882000,0.0,0.0
2.1544666290283203,2.1706656262390602,2.1382676318175813,2.1544666290283203,449600,0.0,0.0
2.154465312307531,2.154465312307531,2.1058683503757822,2.138266324996948,569600,0.0,0.0
2.12206768989563,2.138266679894833,2.1058686998964267,2.12206768989563,110000,0.0,0.0
2.12206768989563,2.12206768989563,2.1058686998964267,2.12206768989563,508400,0.0,0.0
2.1058683503757822,2.138266324996948,2.1058683503757822,2.138266324996948,1703200,0.0,0.0
2.122067086513226,2.138266071906457,2.0896691157267644,2.105868101119995,1486400,0.0,0.0
2.1058685628194658,2.1058685628194658,2.0248736180956404,2.0410726070404053,271200,0.0,0.0
2.0572723131626844,2.0734713077545166,2.0086753293871884,2.0734713077545166,521200,0.0,0.0
2.0410733185708523,2.0734713077545166,2.0410733185708523,2.0734713077545166,863600,0.0,0.0
2.0734705849299355,2.0734705849299355,2.0410726070404053,2.0410726070404053,339200,0.0,0.0
2.0248736180956404,2.0572715959851706,2.008674629150875,2.0410726070404053,587200,0.0,0.0
2.0572723131626844,2.0734713077545166,2.0572723131626844,2.0734713077545166,219200,0.0,0.0
2.0734713077545166,2.0896703023463488,2.0572723131626844,2.0734713077545166,1554400,0.0,0.0
2.0896703023463488,2.0896703023463488,2.0572723131626844,2.0734713077545166,823600,0.0,0.0
2.0572708556728982,2.0572708556728982,1.9924749232107597,2.008673906326294,311200,0.0,0.0
2.008673402129627,2.008673402129627,1.9600764649813291,1.9762754440307615,268800,0.0,0.0
1.9762754440307615,2.008673402129627,1.9762754440307615,1.9762754440307615,808400,0.0,0.0
1.9924744230801943,2.008673402129627,1.9438774859318968,1.9762754440307615,2554800,0.0,0.0
1.9924756209712384,2.0086746097596224,1.943878654606086,1.9600776433944704,876400,0.0,0.0
1.9762767493724824,1.9924757391214367,1.9276797801256176,1.9438787698745728,173200,0.0,0.0
1.9600769569796899,2.0572708556728982,1.9438779738641556,2.008673906326294,518000,0.0,0.0
2.041073200314544,2.105869174927704,2.041073200314544,2.089670181274414,1122800,0.0,0.0
2.105869174927704,2.105869174927704,2.057272193967834,2.089670181274414,284000,0.0,0.0
2.0734713077545166,2.122068291530013,2.0734713077545166,2.0734713077545166,540000,0.0,0.0
2.089670181274414,2.105869174927704,2.073471187621124,2.089670181274414,158400,0.0,0.0
2.105869174927704,2.122068168580994,2.089670181274414,2.089670181274414,596000,0.0,0.0
2.105868101119995,2.105868101119995,2.0896691157267644,2.105868101119995,230400,0.0,0.0
2.122067086513226,2.122067086513226,2.0896691157267644,2.105868101119995,209200,0.0,0.0
2.122068291530013,2.122068291530013,2.0572723131626844,2.0734713077545166,199200,0.0,0.0
2.0734701303335337,2.122067086513226,2.0734701303335337,2.105868101119995,672000,0.0,0.0
2.105868101119995,2.105868101119995,2.0896691157267644,2.105868101119995,401200,0.0,0.0
2.105869174927704,2.122068168580994,2.073471187621124,2.089670181274414,563600,0.0,0.0
2.105869174927704,2.105869174927704,2.057272193967834,2.089670181274414,374400,0.0,0.0
2.0896693630651995,2.138266324996948,2.0896693630651995,2.138266324996948,781600,0.0,0.0
2.1382660213991893,2.2516589164733887,2.1382660213991893,2.2516589164733887,781600,0.0,0.0
2.267858750290341,2.3488537056578527,2.2516597592168384,2.3326547145843506,758000,0.0,0.0
2.300256732437345,2.3488537056578527,2.2840577413638434,2.3326547145843506,657600,0.0,0.0
2.3326544625418526,2.3326544625418526,2.2516595159258164,2.2678585052490234,610800,0.0,0.0
2.251659509064494,2.26785849833834,2.2354605197906494,2.2354605197906494,720400,0.0,0.0
2.2516588224491603,2.30025577545166,2.2516588224491603,2.30025577545166,260000,0.0,0.0
2.30025577545166,2.3326537441199933,2.2840567911174943,2.30025577545166,1207600,0.0,0.0
2.300255406832864,2.300255406832864,2.251658461618085,2.2840564250946045,772000,0.0,0.0
2.300256849168897,2.3326548329600088,2.300256849168897,2.316455841064453,840000,0.0,0.0
2.316455473218645,2.316455473218645,2.219261537279402,2.2678585052490234,232800,0.0,0.0
2.2678577549317303,2.2678577549317303,2.203061819076538,2.203061819076538,117200,0.0,0.0
2.2354597870041344,2.2516587709679325,2.203061819076538,2.203061819076538,148400,0.0,0.0
2.18686283511274,2.203061819076538,2.18686283511274,2.203061819076538,278000,0.0,0.0
2.203062891077112,2.219261882923268,2.1868638992309566,2.1868638992309566,86000,0.0,0.0
2.1868639009712387,2.2516598684074234,2.1868639009712387,2.219261884689331,452000,0.0,0.0
2.219261884689331,2.219261884689331,2.1868639009712387,2.219261884689331,295200,0.0,0.0
2.219260803040336,2.2354597870041344,2.18686283511274,2.203061819076538,193200,0.0,0.0
2.203061819076538,2.219260803040336,2.203061819076538,2.203061819076538,159600,0.0,0.0
2.203061961441589,2.2516589164733887,2.186862976430989,2.2516589164733887,226000,0.0,0.0
2.2840577413638434,2.3326547145843506,2.267858750290341,2.3326547145843506,382400,0.0,0.0
2.3326548329600088,2.3488538248555644,2.300256849168897,2.316455841064453,887600,0.0,0.0
2.300255406832864,2.316454388571124,2.2840564250946045,2.2840564250946045,189600,0.0,0.0
2.316455841064453,2.3326548329600088,2.2678588653777862,2.316455841064453,608800,0.0,0.0
2.284057857273342,2.3488538248555644,2.284057857273342,2.316455841064453,855600,0.0,0.0
2.3326547145843506,2.3488537056578527,2.3164557235108485,2.3326547145843506,696000,0.0,0.0
2.3326548329600088,2.3326548329600088,2.300256849168897,2.316455841064453,293600,0.0,0.0
2.2840564250946045,2.300255406832864,2.267857443356345,2.2840564250946045,271200,0.0,0.0
2.2645074509559797,2.2970902919769287,2.2645074509559797,2.2970902919769287,40400,0.025,0.0
2.2645074509559797,2.3133817124874034,2.248216030445505,2.2970902919769287,222000,0.0,0.0
2.2970902919769287,2.2970902919769287,2.2645074509559797,2.2970902919769287,79600,0.0,0.0
2.2807996736156,2.2970910998557112,2.2645082473754883,2.2645082473754883,164400,0.0,0.0
2.297090172767639,2.3459644317626958,2.28079875310262,2.3459644317626958,1340000,0.0,0.0
2.3622557338403194,2.394838571548462,2.3622557338403194,2.394838571548462,1404400,0.0,0.0
2.4111288419735977,2.4925858974456787,2.4111288419735977,2.4925858974456787,1428000,0.0,0.0
2.5251687196345114,2.5414601307289275,2.4762944863512626,2.4925858974456787,542000,0.0,0.0
2.4925890794167147,2.5577548069831653,2.4925890794167147,2.5414633750915527,430800,0.0,0.0
2.5740452039809454,2.7532508827391124,2.5740452039809454,2.736959457397461,1306000,0.0,0.0
2.720668929568409,2.802126083148302,2.720668929568409,2.7532517910003658,1220000,0.0,0.0
2.736960360284388,2.785834652432323,2.720668929568409,2.7532517910003658,513600,0.0,0.0
2.785834652432323,2.802126083148302,2.688086068136452,2.7532517910003658,481200,0.0,0.0
2.7369582170357734,2.7369582170357734,2.622918291325949,2.655501127243042,391600,0.0,0.0
2.65550222974835,2.6880850791931152,2.6392108050259675,2.6880850791931152,384000,0.0,0.0
2.688085124260042,2.7206679742510724,2.6717936992645264,2.6717936992645264,244000,0.0,0.0
2.671793654470733,2.72066792863788,2.65550222974835,2.6880850791931152,599200,0.0,0.0
2.6880838497575508,2.7206666843000664,2.655501015215035,2.7043752670288086,463600,0.0,0.0
2.736959457397461,2.7695423080807644,2.704376606714158,2.736959457397461,290800,0.0,0.0
2.7043753811186813,2.7043753811186813,2.639209709284496,2.655501127243042,1326400,0.0,0.0
2.671792432486293,2.7206666843000664,2.671792432486293,2.7043752670288086,334800,0.0,0.0
2.7043774988524314,2.769543221716345,2.7043774988524314,2.7532517910003658,220800,0.0,0.0
2.736959399246588,2.7532508242421034,2.6717936992645264,2.6717936992645264,99600,0.0,0.0
2.7206666843000664,2.736958101571324,2.671792432486293,2.7043752670288086,289200,0.0,0.0
2.7206679742510724,2.7206679742510724,2.655502274269011,2.6717936992645264,427600,0.0,0.0
2.6717935307010725,2.6717935307010725,2.5251707149918667,2.557753562927246,511200,0.0,0.0
2.5251703680335704,2.5251703680335704,2.4274218376580774,2.5088789463043213,339200,0.0,0.0
2.4925876087264007,2.5088790310056592,2.460004764167886,2.476296186447144,400000,0.0,0.0
2.4600047090518395,2.5903360843658447,2.4600047090518395,2.5903360843658447,701600,0.0,0.0
2.606627999282465,2.688085124260042,2.606627999282465,2.6717936992645264,823600,0.0,0.0
2.7206666843000664,2.736958101571324,2.671792432486293,2.7043752670288086,476400,0.0,0.0
2.720668597528112,2.785834312438965,2.7043771688003986,2.785834312438965,716800,0.0,0.0
2.8021254539489746,2.8347083080646605,2.785834026891132,2.8021254539489746,518800,0.0,0.0
2.818415679288714,2.8998727798461914,2.8021242591772193,2.8998727798461914,547200,0.0,0.0
2.8835816671560095,2.9813301982460443,2.8347074016109928,2.965038776397705,368400,0.0,0.0
2.981330722735073,2.9976221474494724,2.9487478733062744,2.9487478733062744,329200,0.0,0.0
2.932456448591875,2.9487478733062744,2.8998735991630764,2.9487478733062744,231600,0.0,0.0
2.9487467196252615,2.9487467196252615,2.9161638829443186,2.93245530128479,281600,0.0,0.0
2.916164199957687,2.916164199957687,2.883581359734696,2.8998727798461914,367200,0.0,0.0
2.8998723788694902,2.8998723788694902,2.8672895431518555,2.8672895431518555,306400,0.0,0.0
2.8672901440218004,2.8672901440218004,2.818415880203247,2.818415880203247,141600,0.0,0.0
2.8021254539489746,2.850999735122503,2.7695425998332888,2.8021254539489746,416000,0.0,0.0
2.8021232060023715,2.8509974479675293,2.8021232060023715,2.8509974479675293,594400,0.0,0.0
2.867289746393923,2.981329679489136,2.867289746393923,2.981329679489136,427200,0.0,0.0
2.9813299931306885,3.0464956760406494,2.948747151675709,3.0464956760406494,300800,0.0,0.0
3.0139129576475723,3.0464958004329517,2.9650386934695034,2.9976215362548833,465200,0.0,0.0
2.9976215362548833,3.0302043790402617,2.9813301148621933,2.9976215362548833,188400,0.0,0.0
3.0302043790402617,3.0627872218256416,2.9976215362548833,2.9976215362548833,501600,0.0,0.0
2.981328759874616,2.981328759874616,2.8184146199907576,2.8509974479675293,794800,0.0,0.0
2.8347070994002097,2.8998727798461914,2.736958578731237,2.8998727798461914,565600,0.0,0.0
2.9161638829443186,2.997620974646674,2.899872464603848,2.93245530128479,344800,0.0,0.0
2.948747112395916,3.1116613175006624,2.9161642713749663,3.0627870559692383,142400,0.0,0.0
3.0953715666375983,3.225703001022339,3.04649727874332,3.225703001022339,356000,0.0,0.0
3.209410561728723,3.2257019858999354,3.160536289215088,3.160536289215088,258400,0.0,0.0
3.1442451129606623,3.2419936656951904,3.1279536875049074,3.2419936656951904,317200,0.0,0.0
3.241993410071147,3.241993410071147,3.1279534408726644,3.160536289215088,298000,0.0,0.0
3.160536666191061,3.160536666191061,3.1116623878479004,3.1116623878479004,276400,0.0,0.0
3.127953247702801,3.176827517198157,3.127953247702801,3.14424467086792,327600,0.0,0.0
3.14424467086792,3.1605360940330387,3.1116618245376824,3.14424467086792,92800,0.0,0.0
3.1116623878479004,3.1442452400766743,3.0953709617335137,3.1116623878479004,208400,0.0,0.0
3.127952337265014,3.1605351741115246,3.0627866635719934,3.127952337265014,326400,0.0,0.0
3.1605360940330387,3.1931189403632763,3.127953247702801,3.14424467086792,97200,0.0,0.0
3.1605351741115246,3.1605351741115246,3.1116609188417588,3.127952337265014,207200,0.0,0.0
3.1768274129326666,3.2908673713456342,3.1768274129326666,3.27457594871521,391200,0.0,0.0
3.2908663864319143,3.437489146223435,3.2908663864319143,3.3886148929595947,1317200,0.0,0.0
3.352637076377869,3.4017000579833985,3.2708654403686523,3.2708654403686523,286000,0.025,0.0
3.2708654403686523,3.2872197675704955,3.2218024587631224,3.2708654403686523,262400,0.0,0.0
3.2708644866943364,3.287218809127808,3.2218015193939213,3.2545101642608643,170000,0.0,0.0
3.2545101642608643,3.2708644866943364,3.1727385520935063,3.189092874526977,260400,0.0,0.0
3.205446481704712,3.205446481704712,3.140029206567881,3.205446481704712,193200,0.0,0.0
3.205446481704712,3.22180080048892,3.172737844136297,3.205446481704712,126800,0.0,0.0
3.205448141001692,3.238156795501709,3.1727394865016745,3.238156795501709,252400,0.0,0.0
3.2381568003426957,3.2545111276171537,3.189093818519321,3.2218024730682373,196000,0.0,0.0
3.2381568003426957,3.2381568003426957,3.20544814579378,3.2218024730682373,110400,0.0,0.0
3.2218015193939213,3.2545101642608643,3.2054471969604488,3.2545101642608643,380000,0.0,0.0
3.254509438057335,3.254509438057335,3.205446481704712,3.205446481704712,76000,0.0,0.0
3.205448141001692,3.238156795501709,3.1727394865016745,3.238156795501709,87600,0.0,0.0
3.2218024730682373,3.2545111276171537,3.20544814579378,3.2218024730682373,43600,0.0,0.0
3.2054471969604488,3.2218015193939213,3.1563842296600337,3.189092874526977,192000,0.0,0.0
3.20544793870714,3.2218022649250333,3.0746133289639914,3.0909676551818848,174000,0.0,0.0
3.0582590065103896,3.090967658986437,2.894715744130155,3.074613332748413,419200,0.0,0.0
3.0746121138669134,3.0746121138669134,2.9110689163208012,2.9110689163208012,285600,0.0,0.0
2.9764878188128243,3.1236767768859863,2.9764878188128243,3.1236767768859863,865200,0.0,0.0
3.140029191970825,3.172737829387188,3.123674873262644,3.140029191970825,662400,0.0,0.0
3.1563835106790066,3.1890921480953693,3.1073205545544624,3.140029191970825,107200,0.0,0.0
3.1236763114624835,3.1236763114624835,3.0582590065103896,3.074613332748413,358400,0.0,0.0
3.058257096557207,3.1236743606546877,3.041902780532837,3.041902780532837,516800,0.0,0.0
3.0582575984299183,3.140029191970825,3.041903279721737,3.140029191970825,619600,0.0,0.0
3.140030832001657,3.238156795501709,3.140030832001657,3.238156795501709,627200,0.0,0.0
3.2218024682517004,3.2545111227517176,3.2218024682517004,3.238156795501709,141600,0.0,0.0
3.2381568151650963,3.2381568151650963,3.1236765237198663,3.1727395057678223,381600,0.0,0.0
3.1727394912448634,3.2381568003426957,3.1727394912448634,3.2218024730682373,280400,0.0,0.0
3.2381551192731277,3.254509438057335,3.205446481704712,3.205446481704712,135600,0.0,0.0
3.2381568003426957,3.2545111276171537,3.2218024730682373,3.2218024730682373,122400,0.0,0.0
3.2381568151650963,3.2381568151650963,3.1400308510691852,3.1727395057678223,291600,0.0,0.0
3.1563842296600337,3.1563842296600337,3.1073212623596187,3.1073212623596187,53200,0.0,0.0
3.1073205545544624,3.140029191970825,3.090966235846281,3.140029191970825,555600,0.0,0.0
3.1236740668614704,3.1563826958338415,2.9110679785410563,2.943776607513428,580000,0.0,0.0
2.9437782738234968,2.976486921310425,2.927423950080033,2.976486921310425,412000,0.0,0.0
2.992841503960746,3.041904479435512,2.7638809517451697,2.8620069026947017,493200,0.0,0.0
2.6166905117573718,2.992839772822493,2.6166905117573718,2.894713878631592,596800,0.0,0.0
2.7148186948877817,2.8456533307859884,2.6821100359132304,2.7638816833496094,1325600,0.0,0.0
2.7638798159593976,2.9274230003356934,2.747525497521768,2.9274230003356934,566000,0.0,0.0
2.9601325975669615,3.0255498925408166,2.9437782738234968,2.976486921310425,224800,0.0,0.0
2.992839550971985,3.0091938654581707,2.8947136640548705,2.943776607513428,107600,0.0,0.0
2.9601321004959478,2.9601321004959478,2.6821086435432893,2.71481728553772,760400,0.0,0.0
2.7475275579904546,2.845653542204399,2.7311732272881297,2.829299211502075,421600,0.0,0.0
2.812944880799751,2.8620078729067235,2.812944880799751,2.829299211502075,92000,0.0,0.0
2.8129451774551484,2.8292995098822127,2.6494018531845005,2.731173515319824,1462800,0.0,0.0
2.731172089169665,2.731172089169665,2.665754793620691,2.6821091175079346,446800,0.0,0.0
2.6494014564948745,2.665755786473238,2.583984136581421,2.583984136581421,480400,0.0,0.0
2.616691353880329,2.682108637727337,2.6003370329185764,2.649399995803833,492000,0.0,0.0
2.665755904478834,2.845653542204399,2.665755904478834,2.829299211502075,782800,0.0,0.0
2.8456538423092783,2.8456538423092783,2.7148191828927595,2.731173515319824,1200800,0.0,0.0
2.6984632015228267,2.714817523956299,2.6330459117889404,2.6984632015228267,1913600,0.0,0.0
2.6984629586890887,2.6984629586890887,2.633045674842081,2.649399995803833,340400,0.0,0.0
2.649400953920732,2.6657552807967853,2.6330466270446777,2.6330466270446777,171200,0.0,0.0
2.6657552807967853,2.6821096076728392,2.616692300168624,2.6330466270446777,266800,0.0,0.0
2.6494004756212237,2.6657547995448114,2.60033750385046,2.6166918277740483,369600,0.0,0.0
2.616691353880329,2.665754316765585,2.6003370329185764,2.649399995803833,176800,0.0,0.0
2.665755289905476,2.6821096168374114,2.583983655245799,2.6003379821777344,749600,0.0,0.0
2.5839839042372006,2.6003382327450306,2.56762957572937,2.56762957572937,160800,0.0,0.0
2.56762957572937,2.6003382327450306,2.56762957572937,2.56762957572937,157200,0.0,0.0
2.5676298217895703,2.583984151864663,2.518566831564292,2.551275491714477,206800,0.0,0.0
2.5349199771881104,2.5349199771881104,2.4367940425872803,2.4858570098876958,435200,0.0,0.0
2.4695029392109054,2.48585726331164,2.289605374102826,2.3386683464050293,2975200,0.0,0.0
2.3713769929276567,2.3713769929276567,2.3223140206601878,2.355022668838501,2619600,0.0,0.0
2.3386690683767832,2.3550233975262707,2.2568974226293435,2.322314739227295,2479200,0.0,0.0
2.319023997443063,2.351917954853603,2.302577018737793,2.302577018737793,155200,0.025,0.0
2.269684314727783,2.335472265879313,2.2038963635762534,2.3190252780914307,1503200,0.0,0.0
2.4012591013541593,2.5821758829630337,2.3848121212078977,2.5657289028167725,1083200,0.0,0.0
2.598622863109296,2.598622863109296,2.5657289028167725,2.5657289028167725,483200,0.0,0.0
2.5657306476763098,2.615071621670085,2.5163896736825353,2.5821776390075684,441600,0.0,0.0
2.5821766118583445,2.6315175662250643,2.5821766118583445,2.615070581436157,270800,0.0,0.0
2.6150698432555566,2.6150698432555566,2.5657289028167725,2.5657289028167725,368800,0.0,0.0
2.582176434529292,2.582176434529292,2.4999415162321807,2.5328354835510254,403600,0.0,0.0
2.516388499891603,2.5492824672104475,2.4999415162321807,2.5328354835510254,199200,0.0,0.0
2.549283656345052,2.615071621670085,2.4999426823512763,2.5821776390075684,485600,0.0,0.0
2.598624630338827,2.598624630338827,2.5657306476763098,2.5821776390075684,93200,0.0,0.0
2.5657289028167725,2.598622863109296,2.5657289028167725,2.5657289028167725,264000,0.0,0.0
2.5821776390075684,2.615071621670085,2.5821776390075684,2.5821776390075684,176400,0.0,0.0
2.5821766118583445,2.6315175662250643,2.5821766118583445,2.615070581436157,621200,0.0,0.0
2.6150702209357752,2.7466460811086453,2.598623238414167,2.730199098587036,268400,0.0,0.0
2.763093063630253,2.7959870286734705,2.68085815102221,2.730199098587036,271600,0.0,0.0
2.7137518376111984,2.730198818445205,2.5986229717731475,2.631516933441162,634400,0.0,0.0
2.631518613001344,2.631518613001344,2.549283656345052,2.5821776390075684,746800,0.0,0.0
2.5986235966472506,2.615070581436157,2.5492826422805304,2.615070581436157,142800,0.0,0.0
2.5986237585174368,2.664411701771043,2.5986237585174368,2.6479647159576416,334000,0.0,0.0
2.6644108951091767,2.6644108951091767,2.615069952607155,2.631516933441162,184000,0.0,0.0
2.6479644669762137,2.664411451243147,2.598623514175415,2.598623514175415,269600,0.0,0.0
2.615070498442348,2.615070498442348,2.598623514175415,2.598623514175415,337600,0.0,0.0
2.615071621670085,2.615071621670085,2.5657306476763098,2.5821776390075684,491600,0.0,0.0
2.5986235966472506,2.6315175662250643,2.5657296270694374,2.615070581436157,152000,0.0,0.0
2.615069952607155,2.631516933441162,2.5986229717731475,2.631516933441162,304800,0.0,0.0
2.6315174827092807,2.6315174827092807,2.582176529908482,2.598623514175415,439600,0.0,0.0
2.6150707443308385,2.6479647159576416,2.5986237585174368,2.6479647159576416,328000,0.0,0.0
2.6644108951091767,2.6644108951091767,2.5986229717731475,2.631516933441162,352400,0.0,0.0
2.615070581436157,2.6315175662250643,2.5986235966472506,2.615070581436157,162400,0.0,0.0
2.598622863109296,2.6150698432555566,2.5657289028167725,2.5657289028167725,199200,0.0,0.0
2.5492824672104475,2.5657294508698696,2.516388499891603,2.5328354835510254,402000,0.0,0.0
2.5328358034933767,2.5492827892303467,2.5163888177564067,2.5492827892303467,339600,0.0,0.0
2.5492829439655837,2.5492829439655837,2.4670480102892745,2.483494997024536,269200,0.0,0.0
2.4999419837597983,2.4999419837597983,2.4506010235540123,2.483494997024536,148800,0.0,0.0
2.450600868777225,2.516388811563191,2.4341538830807337,2.499941825866699,286400,0.0,0.0
2.532836665013793,2.615071621670085,2.5163896736825353,2.5821776390075684,245200,0.0,0.0
2.5657297749673167,2.5657297749673167,2.4670478605454966,2.5492827892303467,248400,0.0,0.0
2.5328358793570325,2.582176838045806,2.5163888931274414,2.5163888931274414,238000,0.0,0.0
2.5163866996765134,2.5328336715698243,2.467045783996582,2.467045783996582,158800,0.0,0.0
2.4999419068978503,2.5163888931274414,2.4834949206682597,2.5163888931274414,154000,0.0,0.0
2.4670480102892745,2.483494997024536,2.3848130766129647,2.483494997024536,223600,0.0,0.0
2.4670478544737167,2.516388811563191,2.4670478544737167,2.499941825866699,79200,0.0,0.0
2.4999419837597983,2.51638897049506,2.4670480102892745,2.483494997024536,119600,0.0,0.0
2.516388811563191,2.549282782956173,2.483494840170208,2.499941825866699,146800,0.0,0.0
2.483494155936771,2.483494155936771,2.3683652877807617,2.3683652877807617,376400,0.0,0.0
2.401258884249507,2.434152841567993,2.384811905590264,2.434152841567993,190400,0.0,0.0
2.4670478415815795,2.4670478415815795,2.3848129135288603,2.4012598991394043,166400,0.0,0.0
2.384812831878662,2.4177068019735404,2.368365846831223,2.384812831878662,478000,0.0,0.0
2.401259816926101,2.4177068019735404,2.384812831878662,2.384812831878662,87200,0.0,0.0
2.384812831878662,2.401259816926101,2.368365846831223,2.384812831878662,86000,0.0,0.0
2.4012588279348024,2.4505997627553806,2.3190239365671723,2.3354709148406982,239200,0.0,0.0
2.3354709148406982,2.36836487138775,2.3354709148406982,2.3354709148406982,173600,0.0,0.0
2.4012598991394043,2.4341538703604915,2.3683659279183167,2.4012598991394043,648400,0.0,0.0
2.434152841567993,2.434152841567993,2.401258884249507,2.434152841567993,162800,0.0,0.0
2.4505998202272363,2.4505998202272363,2.41770586290875,2.434152841567993,122800,0.0,0.0
2.434152841567993,2.434152841567993,2.401258884249507,2.434152841567993,248000,0.0,0.0
2.4012604538275277,2.434154432647082,2.4012604538275277,2.4177074432373047,78800,0.0,0.0
2.4505988121032707,2.467045783996582,2.4177048683166498,2.467045783996582,204400,0.0,0.0
2.467047368120027,2.467047368120027,2.401259438303493,2.4506003856658936,171200,0.0,0.0
2.41770586290875,2.4505998202272363,2.384811905590264,2.434152841567993,456400,0.0,0.0
2.4500460340487247,2.499709129333496,2.4500460340487247,2.499709129333496,76400,0.03,0.0
2.4831540730534765,2.4997084335405,2.416936631105384,2.4334909915924072,754000,0.0,0.0
2.416937322424562,2.4666004180908203,2.416937322424562,2.4666004180908203,58800,0.0,0.0
2.483154083120412,2.483154083120412,2.4003822803497314,2.4003822803497314,269200,0.0,0.0
2.416937401954164,2.416937401954164,2.3010568415864987,2.3341655731201167,454800,0.0,0.0
2.3176112382308296,2.3176112382308296,2.234839408294014,2.2845025062561035,822400,0.0,0.0
2.284502527293037,2.284502527293037,2.1520675981746,2.251393795013428,1125600,0.0,0.0
2.2679481402687403,2.3176112382308296,2.2679481402687403,2.2845025062561035,180000,0.0,0.0
2.301056582066748,2.383828401565552,2.301056582066748,2.383828401565552,316800,0.0,0.0
2.383828401565552,2.383828401565552,2.367274037665791,2.383828401565552,368800,0.0,0.0
2.3838284099018656,2.3838284099018656,2.3341653180289104,2.367274045944214,213200,0.0,0.0
2.383828573669029,2.499709129333496,2.383828573669029,2.499709129333496,808000,0.0,0.0
2.4997093142607274,2.5990355121783724,2.4666005816215124,2.5824811458587646,441600,0.0,0.0
2.5659267795391574,2.5990355121783724,2.5493724132195497,2.5824811458587646,164400,0.0,0.0
2.599034547805786,2.648697628337107,2.5659258274515726,2.599034547805786,348400,0.0,0.0
2.599034745518754,2.748023998446581,2.599034745518754,2.7149152755737305,434000,0.0,0.0
2.698361605046743,2.748024702072144,2.6652528736964767,2.748024702072144,206400,0.0,0.0
2.7149159707218766,2.748024702072144,2.648698508021343,2.748024702072144,316000,0.0,0.0
2.7645780832268465,2.8473498821258545,2.7645780832268465,2.8473498821258545,422400,0.0,0.0
2.8307962760240017,2.897013732773101,2.748024455087628,2.7645788192749023,516400,0.0,0.0
2.7645778773021106,2.79768659439555,2.665251726021796,2.6983604431152344,275200,0.0,0.0
2.7314691602086727,2.748023518755392,2.6486973674750764,2.6983604431152344,211600,0.0,0.0
2.681807210459512,2.8307964999294843,2.6652528449628483,2.797687768936157,218000,0.0,0.0
2.7811324430066486,2.8473498821258545,2.7314693636672445,2.8473498821258545,680400,0.0,0.0
2.814241162566252,2.8473498821258545,2.7811324430066486,2.8473498821258545,282800,0.0,0.0
2.830796225222549,2.8804593168931203,2.830796225222549,2.8639049530029297,111200,0.0,0.0
2.863905463499181,2.8970141971812526,2.814242362976074,2.814242362976074,452400,0.0,0.0
2.7811327213194312,2.7811327213194312,2.7149152755737305,2.7149152755737305,109600,0.0,0.0
2.69836117317958,2.69836117317958,2.5659262689744464,2.665252447128296,473200,0.0,0.0
2.648699058676665,2.681807796910124,2.56592721309302,2.6321446895599365,1028800,0.0,0.0
2.5990359513264782,2.6321446895599365,2.5990359513264782,2.6321446895599365,504400,0.0,0.0
2.6321447031407414,2.6321447031407414,2.615590333938598,2.615590333938598,202000,0.0,0.0
2.6155877231079856,2.68180513381958,2.6155877231079856,2.68180513381958,175200,0.0,0.0
2.681806998338528,2.7645788192749023,2.665252634151253,2.7645788192749023,170000,0.0,0.0
2.7645790379428297,2.847350865426148,2.7645790379428297,2.797687768936157,369200,0.0,0.0
2.814242362976074,2.8307967298171097,2.7976879961350383,2.814242362976074,206400,0.0,0.0
2.781133403439493,2.847350865426148,2.781133403439493,2.797687768936157,62000,0.0,0.0
2.7645790779229364,2.7645790779229364,2.648698517770478,2.7314703464508057,261600,0.0,0.0
2.6983594864974787,2.7149138391753773,2.665250781141681,2.68180513381958,107200,0.0,0.0
2.648699058676665,2.665253427793395,2.615590320443207,2.6321446895599365,316800,0.0,0.0
2.6155898894033123,2.6155898894033123,2.5659267902374268,2.5659267902374268,365200,0.0,0.0
2.582479720022164,2.599034077201793,2.5162622913036468,2.5328166484832764,326400,0.0,0.0
2.565925607555791,2.5824799663142155,2.4831538137636686,2.5162625312805176,333600,0.0,0.0
2.5162622913036468,2.549371005662905,2.5162622913036468,2.5328166484832764,163600,0.0,0.0
2.5659267902374268,2.5824811566260557,2.5328180574601697,2.5659267902374268,199200,0.0,0.0
2.5493724238487983,2.5659267902374268,2.5328180574601697,2.5659267902374268,215200,0.0,0.0
2.5493728571300265,2.615590333938598,2.5493728571300265,2.615590333938598,110800,0.0,0.0
2.6321444392204283,2.681807541847229,2.6321444392204283,2.6486988067626958,233600,0.0,0.0
2.6486982699639783,2.7645788192749023,2.6486982699639783,2.7645788192749023,553200,0.0,0.0
2.748024702072144,2.764579067747277,2.7314703363970096,2.748024702072144,305600,0.0,0.0
2.748024455087628,2.7645788192749023,2.7314700909003524,2.7645788192749023,114000,0.0,0.0
2.7480232687223523,2.7976863398438407,2.7480232687223523,2.7811319828033447,263600,0.0,0.0
2.7976877990975435,2.8307965304478104,2.748024702072144,2.748024702072144,523600,0.0,0.0
2.7314696370101554,2.7314696370101554,2.6652521912644547,2.7149152755737305,729200,0.0,0.0
2.7149152755737305,2.7314696370101554,2.698360914137305,2.7149152755737305,195600,0.0,0.0
2.7314703363970096,2.78113343342241,2.7314703363970096,2.748024702072144,664000,0.0,0.0
2.7645786252821454,2.7645786252821454,2.665252447128296,2.665252447128296,449600,0.0,0.0
2.681805840560368,2.7976863398438407,2.681805840560368,2.7811319828033447,768400,0.0,0.0
2.781133585962756,2.8804597854614262,2.7645792193796437,2.8804597854614262,349600,0.0,0.0
2.9135684647373647,2.9963402961219487,2.897014098460448,2.9632315635681152,723600,0.0,0.0
2.9797849655151367,2.9963393264346654,2.9466762436760794,2.9797849655151367,361200,0.0,0.0
2.9963404443812243,3.095666646957397,2.9963404443812243,3.095666646957397,639600,0.0,0.0
3.0956654919518365,3.1287742137908934,2.963230604595608,2.9797849655151367,369200,0.0,0.0
2.946676228215785,3.0294480323791504,2.8804587848850938,3.0294480323791504,378400,0.0,0.0
3.012141704559326,3.0787083720634003,3.012141704559326,3.012141704559326,320000,0.03,0.0
2.97885723511378,3.028782216707865,2.9122905929883323,2.9954988956451416,126400,0.0,0.0
3.0287827053585565,3.1119910214398367,3.0121410421423014,3.0787076950073238,534400,0.0,0.0
3.0953501281530964,3.1119917955087586,3.0287834587304485,3.0620667934417725,314800,0.0,0.0
3.0620660317910686,3.1119910214398367,3.0620660317910686,3.0787076950073238,360000,0.0,0.0
3.0953476940774167,3.1951976196928173,3.0953476940774167,3.178555965423584,276400,0.0,0.0
3.228481613099575,3.228481613099575,3.1619149819016457,3.1951982975006104,417200,0.0,0.0
3.2118415340934834,3.278408198012518,3.1452748701744477,3.2284832000732417,516400,0.0,0.0
3.178556639701128,3.228481613099575,3.1619149819016457,3.1951982975006104,227200,0.0,0.0
3.1619160175323486,3.1951993440326887,3.095349364531668,3.1619160175323486,262000,0.0,0.0
3.1619160110886035,3.178557674304859,3.0454243685748126,3.0787076950073238,252800,0.0,0.0
3.0620667934417725,3.0620667934417725,2.995500124019125,3.0620667934417725,250400,0.0,0.0
3.0620660832319313,3.14527440071106,3.045424419736105,3.14527440071106,136800,0.0,0.0
3.1452733241021638,3.2118399553000927,3.1452733241021638,3.1951982975006104,425600,0.0,0.0
3.2118418072209214,3.2950501441955566,3.1952001398259937,3.2950501441955566,858400,0.0,0.0
3.295050005523526,3.295050005523526,3.228483338745273,3.2617666721343994,344000,0.0,0.0
3.261766581955351,3.261766581955351,3.1951999170174865,3.211841583251953,260400,0.0,0.0
3.2118418072209214,3.2950501441955566,3.1952001398259937,3.2950501441955566,713600,0.0,0.0
3.2950492365106108,3.3116908993212704,3.2284825852679724,3.278407573699951,814800,0.0,0.0
3.261766482622196,3.27840814834986,3.1785581539838743,3.2451248168945312,1036400,0.0,0.0
3.26176653203276,3.26176653203276,3.1951998681137233,3.2284832000732417,492800,0.0,0.0
3.2118410546943617,3.228482718190188,3.128632737215234,3.14527440071106,635600,0.0,0.0
3.178556639701128,3.2451232708990574,3.1619149819016457,3.1951982975006104,821600,0.0,0.0
3.1785582021339653,3.2451248660530014,3.1619165361542056,3.2284832000732417,434400,0.0,0.0
3.2451250054398364,3.278408338828963,3.228483338745273,3.2617666721343994,984800,0.0,0.0
3.26176653203276,3.26176653203276,3.1951998681137233,3.2284832000732417,461600,0.0,0.0
3.2284826705330296,3.26176599703337,3.1452743542821784,3.1619160175323486,470400,0.0,0.0
3.1619165845485546,3.211841583251953,3.1619165845485546,3.211841583251953,402800,0.0,0.0
3.211840705205036,3.211840705205036,3.0787074117250337,3.0953490734100337,432000,0.0,0.0
3.0787074117250337,3.1119907350950338,3.0454240883550336,3.0953490734100337,526800,0.0,0.0
3.0787077888113554,3.0787077888113554,3.0121411339181368,3.045424461364746,382000,0.0,0.0
3.0620667934417725,3.0787084607974338,3.0454251260861107,3.0620667934417725,208400,0.0,0.0
3.0787074117250337,3.1119907350950338,3.0620657500400337,3.0953490734100337,458400,0.0,0.0
3.1119910277818383,3.1785576807825184,3.095349364531668,3.1619160175323486,302400,0.0,0.0
3.178556639701128,3.1951982975006104,3.1619149819016457,3.1951982975006104,326800,0.0,0.0
3.21184100728286,3.2284826705330296,3.1619160175323486,3.1619160175323486,420800,0.0,0.0
3.1619156745665853,3.1785573360116723,3.1119906902313232,3.1119906902313232,266000,0.0,0.0
3.0953493582235803,3.1119910214398367,3.0787076950073238,3.0787076950073238,486000,0.0,0.0
3.0620660317910686,3.0953493582235803,3.0620660317910686,3.0787076950073238,172400,0.0,0.0
3.0953490734100337,3.1119907350950338,3.0787074117250337,3.0953490734100337,132800,0.0,0.0
3.0620661250880508,3.0620661250880508,2.8956494878550045,3.045424461364746,295600,0.0,0.0
3.0287833714353445,3.0454250383113632,2.978858370807289,3.012141704559326,262800,0.0,0.0
2.995499610900879,2.995499610900879,2.8790079593658446,2.9122912883758545,370400,0.0,0.0
2.912291665535189,2.962216665515792,2.912291665535189,2.9455749988555913,164800,0.0,0.0
2.9289335350080723,2.9289335350080723,2.8790085315704346,2.8790085315704346,190400,0.0,0.0
2.895650021330325,2.895650021330325,2.7625166870162867,2.779158353805542,532400,0.0,0.0
2.7958000205947964,2.7958000205947964,2.7458750202270323,2.779158353805542,422800,0.0,0.0
2.7458745959293407,2.7625162601470947,2.6793079390583268,2.7625162601470947,303600,0.0,0.0
2.679307690033546,2.679307690033546,2.562816051336435,2.596099376678467,305600,0.0,0.0
2.5628154698540184,2.5628154698540184,2.4463238575879265,2.5461738109588623,672800,0.0,0.0
2.3964008574790143,2.4130425301003964,2.27990914912934,2.346475839614868,925200,0.0,0.0
2.3963997847550402,2.44632478027077,2.3631164544112204,2.37975811958313,700000,0.0,0.0
2.3464747418959937,2.413041401240561,2.3464747418959937,2.396399736404419,224400,0.0,0.0
2.429682970046997,2.4463246342254013,2.379757977511785,2.429682970046997,264400,0.0,0.0
2.446324730912844,2.446324730912844,2.3797580715682773,2.396399736404419,242800,0.0,0.0
2.36311751223625,2.3964008574790143,2.313192494372104,2.346475839614868,428400,0.0,0.0
2.3464747860624984,2.4796081072575338,2.3464747860624984,2.4629664421081543,244400,0.0,0.0
2.479607023150716,2.512890338897705,2.4629653652772205,2.512890338897705,192400,0.0,0.0
2.5128917321055924,2.5128917321055924,2.4463250637054443,2.4463250637054443,403600,0.0,0.0
2.429683266367231,2.4463249325752257,2.2799082704952784,2.3298332691192627,352000,0.0,0.0
2.313190967516792,2.313190967516792,2.1966993360591114,2.2133409976959233,341600,0.0,0.0
2.1301328125,2.1301328125,1.9803578491210936,2.0802078247070312,644800,0.0,0.0
2.0635663516937743,2.130133008200025,2.0635663516937743,2.0968496799468994,324800,0.0,0.0
2.0302830944713364,2.0302830944713364,1.9137914415098665,1.9470747709274288,676000,0.0,0.0
1.96371673180805,2.0635667351203235,1.96371673180805,2.0469250679016118,344000,0.0,0.0
2.16366217987878,2.3481605052948,2.16366217987878,2.3481605052948,419600,0.03,0.0
2.33138793025698,2.3481605052948,2.31461535521916,2.3481605052948,228400,0.0,0.0
2.33138793025698,2.3481605052948,2.28107020514352,2.3481605052948,239600,0.0,0.0
2.3649330803326203,2.38170565537044,2.31461535521916,2.3481605052948,118800,0.0,0.0
2.3481609128045697,2.364933490753174,2.3481609128045697,2.364933490753174,214000,0.0,0.0
2.3649330803326203,2.3649330803326203,2.33138793025698,2.3481605052948,269600,0.0,0.0
2.348159669150769,2.381704807281494,2.348159669150769,2.381704807281494,176000,0.0,0.0
2.3817060687017784,2.3817060687017784,2.3481609128045697,2.364933490753174,92400,0.0,0.0
2.364932238216132,2.4152499454122194,2.348159669150769,2.381704807281494,388000,0.0,0.0
2.398477873940399,2.4152504464854365,2.2978424386701723,2.31461501121521,867200,0.0,0.0
2.281069588115197,2.281069588115197,2.1301164536075743,2.197206735610962,1324000,0.0,0.0
2.230751876612656,2.230751876612656,2.180434165110115,2.197206735610962,341200,0.0,0.0
2.1972066815942526,2.1972066815942526,2.1301164012402296,2.146888971328736,390400,0.0,0.0
2.1301170730590817,2.1301170730590817,2.06302677154541,2.0965719223022456,562000,0.0,0.0
2.0797993469238283,2.0965719223022456,2.06302677154541,2.0965719223022456,408800,0.0,0.0
2.0965719223022456,2.0965719223022456,2.06302677154541,2.0965719223022456,162400,0.0,0.0
2.096571394654571,2.1133439658118083,2.0462536811828613,2.0462536811828613,292000,0.0,0.0
2.046254050731659,2.046254050731659,2.0127089023590092,2.0127089023590092,126400,0.0,0.0
2.0127089818318686,2.029481556680468,1.9288461075888736,1.962391257286072,335600,0.0,0.0
1.928845911944678,1.9456184850920235,1.8114378999132634,1.8282104730606081,786000,0.0,0.0
1.8449829183183275,1.86175549030304,1.8114377743489032,1.86175549030304,587200,0.0,0.0
1.8617555542425677,1.8617555542425677,1.82821040912108,1.844982981681824,662800,0.0,0.0
1.844982075914044,1.844982075914044,1.7946643829345703,1.7946643829345703,356400,0.0,0.0
1.811438398361206,1.811438398361206,1.677257776260376,1.677257776260376,1115200,0.0,0.0
1.7275749444961548,1.7443475167728164,1.6772572276661697,1.7275749444961548,1702800,0.0,0.0
1.7946652023641911,1.86175549030304,1.7946652023641911,1.86175549030304,2214000,0.0,0.0
1.8617555542425677,1.8617555542425677,1.82821040912108,1.844982981681824,322800,0.0,0.0
1.7946650659044583,1.7946650659044583,1.5430765052636464,1.6101667881011963,1940000,0.0,0.0
1.610166989839994,1.610166989839994,1.5095315529749944,1.5263041257858276,1444800,0.0,0.0
1.5766226312388545,1.5766226312388545,1.5430774688720703,1.5430774688720703,196000,0.0,0.0
1.543076520495945,1.543076520495945,1.4927588078710767,1.5095313787460327,262800,0.0,0.0
1.509532306505286,1.6101677936056389,1.509532306505286,1.5430774688720703,524800,0.0,0.0
1.5263033387335865,1.5263033387335865,1.4592130820859563,1.4759856462478638,791600,0.0,0.0
1.4759859449408026,1.4927585124969482,1.4424408098285115,1.4927585124969482,569200,0.0,0.0
1.509532306505286,1.5430774688720703,1.492759725321894,1.5430774688720703,251200,0.0,0.0
1.5430774688720703,1.5598500500554624,1.5263048876886782,1.5430774688720703,159600,0.0,0.0
1.5430766895253172,1.5766218349497805,1.5430766895253172,1.5598492622375488,222800,0.0,0.0
1.5766207667497487,1.7443463802337646,1.5598482054013472,1.7443463802337646,753200,0.0,0.0
1.8449826219252177,1.995935745537281,1.8449826219252177,1.8785277605056765,1436400,0.0,0.0
1.8617550145208308,1.9288452853143745,1.8449824468224452,1.8953001499176023,1087200,0.0,0.0
1.8953003297959052,1.8953003297959052,1.8617551912154469,1.8785277605056765,223200,0.0,0.0
1.8449832470911856,1.8449832470911856,1.7443477972498482,1.7778929471969604,588000,0.0,0.0
1.7778915029305675,1.7778915029305675,1.7443463802337646,1.7443463802337646,202000,0.0,0.0
1.7275752495316898,1.7275752495316898,1.6437123733408312,1.710802674293518,607200,0.0,0.0
1.710801898842991,1.710801898842991,1.6604841959358445,1.6940293312072754,206400,0.0,0.0
1.6940303540229795,1.7108029317855835,1.626940042972565,1.677257776260376,353200,0.0,0.0
1.6772567635715598,1.6940293312072754,1.6604841959358445,1.6940293312072754,344000,0.0,0.0
1.6940286961885598,1.7611189415821662,1.6772561348401582,1.7443463802337646,204800,0.0,0.0
1.7611192542815877,1.8282095115875527,1.7611192542815877,1.7946643829345703,140800,0.0,0.0
1.8114378999132634,1.844983046207953,1.7946653267659178,1.8282104730606081,168800,0.0,0.0
1.8282100526349885,1.8953003297959052,1.8114374833447595,1.8785277605056765,293200,0.0,0.0
1.861754309672576,1.861754309672576,1.727573818885363,1.7443463802337646,372800,0.0,0.0
1.7275744664787067,1.7275744664787067,1.6604841959358445,1.6940293312072754,204000,0.0,0.0
1.6940300723291797,1.7778929471969604,1.6772574973556231,1.7778929471969604,483600,0.0,0.0
1.7778926914388482,1.8617555542425677,1.7778926914388482,1.844982981681824,541200,0.0,0.0
1.8449824468224452,1.9120727176159884,1.8449824468224452,1.8953001499176023,616800,0.0,0.0
1.8953010086285864,1.9791638851165767,1.8785284333309888,1.9791638851165767,446000,0.0,0.0
1.9456192255020144,1.962391805032204,1.9120740664416345,1.9456192255020144,340400,0.0,0.0
1.9288461877588639,1.9456187633045932,1.8953010366674057,1.9120736122131348,211600,0.0,0.0
1.9120735327402751,1.962391257286072,1.9120735327402751,1.962391257286072,232400,0.0,0.0
1.979163914396052,2.0294816410332395,1.9120736122131348,1.9120736122131348,363600,0.0,0.0
1.928845778241888,1.928845778241888,1.8282103463336152,1.86175549030304,332000,0.0,0.0
1.8282104730606081,1.844983046207953,1.8114378999132634,1.8282104730606081,134000,0.0,0.0
1.8444552421569824,1.8613768498831933,1.8275336344307715,1.8444552421569824,418800,0.03,0.0
1.8444550898340013,1.8613766961627536,1.8106118771764967,1.827533483505249,203600,0.0,0.0
1.827533483505249,1.8444550898340013,1.7936902708477445,1.827533483505249,187200,0.0,0.0
1.827533690728874,1.861376907223853,1.8106120824813845,1.8106120824813845,228000,0.0,0.0
1.8275339018623784,1.8275339018623784,1.7767690712550903,1.7936906814575195,308000,0.0,0.0
1.7936904189783498,1.8613768498831933,1.7936904189783498,1.8444552421569824,296800,0.0,0.0
1.8613764617754065,1.9459844827651975,1.844454857577448,1.9459844827651975,462400,0.0,0.0
1.9290624426192595,2.0136704444885254,1.9290624426192595,2.0136704444885254,1348400,0.0,0.0
2.0644347122160056,2.165964288226629,1.9967483282089236,1.9967483282089236,1704000,0.0,0.0
2.0136699242106944,2.047513116214235,1.9798267322071528,1.9967483282089236,566000,0.0,0.0
1.9967495339815733,2.081357565082488,1.9798279277613904,2.0644359588623047,917600,0.0,0.0
2.0475139617919917,2.0982787707620423,2.030592358801976,2.0475139617919917,644000,0.0,0.0
2.030592746421939,2.081357565082488,2.013671140201756,2.0644359588623047,511200,0.0,0.0
2.0644355550889046,2.098278760910034,2.0644355550889046,2.098278760910034,312400,0.0,0.0
2.0644359588623047,2.081357565082488,2.047514352642122,2.0644359588623047,126000,0.0,0.0
2.064435637094141,2.0982788442596187,2.064435637094141,2.08135724067688,238400,0.0,0.0
2.098279388427734,2.1152009963989262,2.081357780456543,2.1152009963989262,136400,0.0,0.0
2.1152009963989262,2.1490442123413085,2.1152009963989262,2.1152009963989262,396000,0.0,0.0
2.0644355550889046,2.132121966731164,2.0644355550889046,2.098278760910034,210000,0.0,0.0
2.0982787707620423,2.0982787707620423,1.9967491528219432,2.0475139617919917,392800,0.0,0.0
2.030592503754989,2.030592503754989,1.9459844827651975,1.9459844827651975,381600,0.0,0.0
1.912141657081144,1.9798280874202991,1.912141657081144,1.9629064798355105,544800,0.0,0.0
1.9459849862115723,1.9459849862115723,1.878298551908561,1.895220160484314,402400,0.0,0.0
1.878298551908561,1.9121417690600664,1.878298551908561,1.895220160484314,516400,0.0,0.0
1.91214120388031,1.9290628074544718,1.8782979967319857,1.91214120388031,300400,0.0,0.0
1.8952196003061483,1.91214120388031,1.8952196003061483,1.91214120388031,443200,0.0,0.0
1.8952198887730505,1.8952198887730505,1.878298282623291,1.878298282623291,296000,0.0,0.0
1.8613768498831933,1.8613768498831933,1.8275336344307715,1.8444552421569824,189200,0.0,0.0
1.8444543263086903,1.8444543263086903,1.759846329689026,1.759846329689026,258400,0.0,0.0
1.7090818430613546,1.742925047874451,1.7090818430613546,1.742925047874451,604400,0.0,0.0
1.742925047874451,1.7598466502809986,1.7090818430613546,1.742925047874451,657200,0.0,0.0
1.726004694948102,1.742926309604456,1.692161465635394,1.709083080291748,314000,0.0,0.0
1.709082300012762,1.7260039069435813,1.6583174792203037,1.675239086151123,333200,0.0,0.0
1.6583174792203037,1.6921606930819426,1.6413958722894844,1.675239086151123,724000,0.0,0.0
1.7090814522668427,1.7429246493414337,1.6752382551922518,1.7260030508041382,518800,0.0,0.0
1.7429255957997174,1.8444552421569824,1.7260039880735063,1.8444552421569824,502000,0.0,0.0
2.013671334992107,2.013671334992107,1.945984903563801,1.979828119277954,1156000,0.0,0.0
1.9629056433669656,2.0305920448623787,1.9629056433669656,2.0136704444885254,766400,0.0,0.0
1.9798280874202991,1.9798280874202991,1.9290632646659325,1.9629064798355105,422000,0.0,0.0
1.945983540203612,1.9967483282089236,1.945983540203612,1.9967483282089236,222800,0.0,0.0
1.9629072641071519,1.9629072641071519,1.9121424210698983,1.9290640354156492,888000,0.0,0.0
1.9290632646659325,1.9798280874202991,1.9290632646659325,1.9629064798355105,1292800,0.0,0.0
1.9629051362053824,2.0136699242106944,1.9290619442018409,1.9967483282089236,445600,0.0,0.0
1.9629056433669656,2.0136704444885254,1.9290624426192595,2.0136704444885254,849600,0.0,0.0
1.996748844114672,2.0136704444885254,1.979827243740819,2.0136704444885254,239200,0.0,0.0
2.0136699955910444,2.165964365005493,1.996748398989439,2.165964365005493,1045200,0.0,0.0
2.165965976999767,2.267495632171631,2.165965976999767,2.267495632171631,1898800,0.0,0.0
2.301338479873982,2.402868118691952,2.2844168734043198,2.38594651222229,2236800,0.0,0.0
2.3859471126194416,2.3859471126194416,2.3013390589804548,2.318260669708252,1358000,0.0,0.0
2.3013390589804548,2.3690255018916444,2.2844174482526567,2.318260669708252,966400,0.0,0.0
2.3351815263708158,2.4705543684792683,2.3013383158437017,2.419789552688598,936000,0.0,0.0
2.4536335146104964,2.5890063981752136,2.4536335146104964,2.5043983459472656,2087600,0.0,0.0
2.504396525862949,2.5890045166015625,2.4536317314197813,2.5890045166015625,643200,0.0,0.0
2.5890046760633387,2.639769473633209,2.5720830768733833,2.605926275253296,816800,0.0,0.0
2.5890057949643386,2.605927401467373,2.538240975455234,2.572084188461304,642800,0.0,0.0
2.5382397221583948,2.6059261147492854,2.504396525862949,2.5890045166015625,1355600,0.0,0.0
2.5720829184538396,2.6059261147492854,2.5720829184538396,2.5890045166015625,451600,0.0,0.0
2.5890045166015625,2.6228477128970082,2.521318124010672,2.5890045166015625,469200,0.0,0.0
2.5720829184538396,2.6059261147492854,2.5382397221583948,2.5890045166015625,998800,0.0,0.0
2.572084787729624,2.572084787729624,2.487476735501676,2.5043983459472656,380400,0.0,0.0
2.48747615104026,2.504397757509921,2.38594651222229,2.38594651222229,486800,0.0,0.0
2.4023024797439576,2.4023024797439576,2.36822726726532,2.3852648735046387,440800,0.03,0.0
2.419339055600373,2.436376654583474,2.334151060684868,2.3511886596679688,413200,0.0,0.0
2.3171150490089705,2.3171150490089705,2.2660022170455374,2.3000774383544917,428800,0.0,0.0
2.2489643096923833,2.2660019180991435,2.2319267012856225,2.2489643096923833,366800,0.0,0.0
2.248964023590088,2.4023024797439576,2.248964023590088,2.3852648735046387,1526000,0.0,0.0
2.4023024571822,2.5897161240545694,2.4023024571822,2.5386033058166504,10070000,0.0,0.0
2.555640911895957,2.572678517975264,2.5386033058166504,2.5386033058166504,1810800,0.0,0.0
2.555640911895957,2.572678517975264,2.5386033058166504,2.5386033058166504,935200,0.0,0.0
2.6067534016024685,2.7430542330588064,2.555640589806341,2.6408286094665527,2676400,0.0,0.0
2.6749041080474854,2.6919417138312274,2.6578665022637438,2.6749041080474854,1272400,0.0,0.0
2.691941695040967,2.828242540359497,2.6749040893761507,2.828242540359497,903600,0.0,0.0
2.8282432353857785,2.8282432353857785,2.7600927959788932,2.8112056255340576,984000,0.0,0.0
2.7941674715206952,2.7941674715206952,2.7430546519197057,2.760092258453369,666000,0.0,0.0
2.777129864987032,2.8112050780543574,2.6919418323187183,2.760092258453369,1038400,0.0,0.0
2.777129650115967,2.8282424657622727,2.743054439685096,2.777129650115967,590000,0.0,0.0
2.743053373300804,2.743053373300804,2.657865380341152,2.708978176116944,198800,0.0,0.0
2.7089793196149694,2.7089793196149694,2.6578665022637438,2.6749041080474854,269600,0.0,0.0
2.6578668212890624,2.6578668212890624,2.5215659586588544,2.5556411743164062,306800,0.0,0.0
2.555640747672633,2.6067535626260856,2.555640747672633,2.5897159576416016,365200,0.0,0.0
2.62379129069626,2.6919417138312274,2.589716079128776,2.6749041080474854,244000,0.0,0.0
2.7089790251947217,2.7089790251947217,2.6408286094665527,2.6408286094665527,122800,0.0,0.0
2.6578664284247857,2.6578664284247857,2.623791217803955,2.623791217803955,82800,0.0,0.0
2.6067539826035495,2.7430548444390297,2.6067539826035495,2.7260172367095947,1096800,0.0,0.0
2.7260169500037086,2.7260169500037086,2.674904132191139,2.691941738128662,202800,0.0,0.0
2.7260172367095947,2.7430548444390297,2.70897962898016,2.7260172367095947,1558000,0.0,0.0
2.7260174958602246,2.7600927145584766,2.7089798865110977,2.7430551052093506,1435600,0.0,0.0
2.7600921177002316,2.828242540359497,2.7600921177002316,2.828242540359497,986400,0.0,0.0
2.8282435490534854,2.8963939960186296,2.8282435490534854,2.879356384277344,1741600,0.0,0.0
2.9304700171810456,2.964545249938965,2.8963947844231273,2.964545249938965,576000,0.0,0.0
2.9645435099016155,2.9645435099016155,2.8793554780078914,2.9134306907653813,695600,0.0,0.0
2.9304682971441256,2.9475059035228712,2.896393084386636,2.9134306907653813,401600,0.0,0.0
2.913431188394857,2.9475064069725754,2.87935596981714,2.9304687976837163,244400,0.0,0.0
2.947506831242488,2.9645444429837737,2.7941683255709133,2.879356384277344,684800,0.0,0.0
2.8963933652536027,2.947506189346313,2.8963933652536027,2.947506189346313,324800,0.0,0.0
2.9645421818324498,2.9815797805786133,2.9304669843401228,2.9815797805786133,386800,0.0,0.0
2.9815828663179245,2.9986204826968836,2.9134324008020864,2.964545249938965,471600,0.0,0.0
2.981582615110609,3.2371468392629468,2.981582615110609,3.220109224319458,1724800,0.0,0.0
3.2541840927941466,3.339372158050537,3.2030712536403114,3.339372158050537,1954400,0.0,0.0
3.3052958416938782,3.4245590937137598,3.271220626831054,3.4075214862823486,1970000,0.0,0.0
3.4245607272017424,3.4245607272017424,3.3393726494106546,3.356410264968872,803600,0.0,0.0
3.3564099123603417,3.3564099123603417,3.2201090022137286,3.237146615982056,1107200,0.0,0.0
3.2541835703380366,3.3223340116016606,3.2541835703380366,3.2882587909698486,921200,0.0,0.0
3.271222187177784,3.3904854960853075,3.2541845716195663,3.356410264968872,1138400,0.0,0.0
3.3564097012082734,3.3564097012082734,3.254184025029341,3.27122163772583,305200,0.0,0.0
3.254180908203125,3.3052936973372056,3.2371433118250983,3.254180908203125,384800,0.0,0.0
3.271221843518709,3.271221843518709,3.2030713884454025,3.237146615982056,267200,0.0,0.0
3.2201088335096224,3.305296897888184,3.168995994882485,3.305296897888184,560800,0.0,0.0
3.2882592850124714,3.305296897888184,3.2712216721367597,3.305296897888184,452000,0.0,0.0
3.32233316970594,3.390483593699908,3.2541827457119714,3.373445987701416,489600,0.0,0.0
3.356410264968872,3.407523111643525,3.3223350338524367,3.356410264968872,330400,0.0,0.0
3.3223340116016606,3.3223340116016606,3.271221180653942,3.2882587909698486,354800,0.0,0.0
3.2882592504223185,3.2882592504223185,3.27122163772583,3.27122163772583,140000,0.0,0.0
3.2541840927941466,3.339372158050537,3.2030712536403114,3.339372158050537,478000,0.0,0.0
3.3734465285913267,3.441596963512364,3.3734465285913267,3.4245593547821045,1775600,0.0,0.0
3.390484997204372,3.441597836358207,3.3223345449992587,3.339372158050537,466000,0.0,0.0
3.3564064864712857,3.3564064864712857,3.254180908203125,3.254180908203125,236000,0.0,0.0
3.2712208140980112,3.2712208140980112,3.151957555250688,3.186032772064209,566800,0.0,0.0
3.1689952750232337,3.186032884028735,3.0326944029792235,3.0838072299957275,468000,0.0,0.0
3.117882251739502,3.1349198596725047,3.0838070358734964,3.117882251739502,390800,0.0,0.0
3.117882251739502,3.117882251739502,3.0838070358734964,3.117882251739502,217600,0.0,0.0
3.100844383239746,3.1178819897410635,3.0667691702371123,3.100844383239746,251200,0.0,0.0
3.100844383239746,3.1178819897410635,3.100844383239746,3.100844383239746,396400,0.0,0.0
3.1008442182798643,3.1519570350646973,3.1008442182798643,3.1519570350646973,465200,0.0,0.0
3.1519562913023913,3.1860314944516057,3.1178810881531764,3.134918689727783,290000,0.0,0.0
3.1513601938883458,3.2198680241902675,3.1171062787373867,3.185614109039306,338400,0.03,0.0
3.2198688105532995,3.2541227340698238,3.2198688105532995,3.2541227340698238,74000,0.0,0.0
3.2541230461360278,3.3055039363381757,3.2369960827353115,3.271250009536743,683600,0.0,0.0
3.28837718134341,3.339758074801902,3.1513614654541016,3.1513614654541016,733600,0.0,0.0
3.1856148870367758,3.2883766575863485,3.1856148870367758,3.2541227340698238,1060400,0.0,0.0
3.2883766575863485,3.2883766575863485,3.2198688105532995,3.2541227340698238,786400,0.0,0.0
3.2541224187013333,3.2541224187013333,3.1684876182091934,3.2369954586029053,434000,0.0,0.0
3.2369960827353115,3.271250009536743,3.219869119334596,3.271250009536743,174400,0.0,0.0
3.2712493787997614,3.2712493787997614,3.219868498504477,3.2369954586029053,256400,0.0,0.0
3.2198693233987563,3.2198693233987563,3.0999805719956113,3.1513614654541016,785600,0.0,0.0
3.1342336358604848,3.1342336358604848,3.082852756584084,3.117106676101685,362800,0.0,0.0
3.1171075364817744,3.1856153944264287,3.1171075364817744,3.1513614654541016,984400,0.0,0.0
3.1171075364817744,3.1513614654541016,3.0828536075094477,3.1513614654541016,586400,0.0,0.0
3.1684875553780865,3.1684875553780865,3.0999797163428835,3.117106676101685,944000,0.0,0.0
3.1342339515686035,3.1513609130525846,3.117106990084622,3.1342339515686035,230800,0.0,0.0
3.117106990084622,3.1342339515686035,3.0999800286006405,3.1342339515686035,192000,0.0,0.0
3.134235278943951,3.134235278943951,3.0314734665195586,3.048600435256958,299200,0.0,0.0
3.014346322347952,3.031473290088565,2.9115845159042717,2.945838451385498,586000,0.0,0.0
2.9115845159042717,2.962965419126111,2.9115845159042717,2.945838451385498,358000,0.0,0.0
2.962964446204049,3.0143453325544085,2.962964446204049,2.997218370437622,191600,0.0,0.0
2.9972193546073376,2.9972193546073376,2.9287114836448844,2.945838451385498,184800,0.0,0.0
2.962965419126111,2.9800923868667253,2.945838451385498,2.945838451385498,114800,0.0,0.0
2.945838451385498,2.962965419126111,2.8944575481636585,2.945838451385498,396000,0.0,0.0
2.9458374840872628,2.997218370437622,2.9458374840872628,2.997218370437622,279200,0.0,0.0
2.9972195625305176,2.9972195625305176,2.877330780029297,2.877330780029297,376800,0.0,0.0
2.8088217664647988,2.8088217664647988,2.723186956511604,2.7745678424835205,1172800,0.0,0.0
2.7574407825926817,2.877329512270625,2.740313821210119,2.860202550888061,762800,0.0,0.0
2.8430755895054984,2.877329512270625,2.8088216667403723,2.860202550888061,382400,0.0,0.0
2.8602043496081113,2.894458293914795,2.8430773774547684,2.894458293914795,119200,0.0,0.0
2.8773305804230445,2.945838451385498,2.8602036126824317,2.945838451385498,335200,0.0,0.0
2.9629661825281626,2.9629661825281626,2.8773313217614533,2.894458293914795,420000,0.0,0.0
2.9287111512545883,2.9800920486450195,2.9115841854577784,2.9800920486450195,468000,0.0,0.0
3.0143459802386405,3.0143459802386405,2.9629650828482093,2.9800920486450195,372000,0.0,0.0
3.048599911832261,3.048599911832261,2.9629650828482093,2.9800920486450195,179200,0.0,0.0
2.980091408320836,3.0143453325544085,2.962964446204049,2.997218370437622,328000,0.0,0.0
2.9972187011917204,2.9972187011917204,2.928710845164481,2.9629647731781006,392400,0.0,0.0
2.962965419126111,2.962965419126111,2.9287114836448844,2.945838451385498,253600,0.0,0.0
2.928711654095168,3.048600435256958,2.928711654095168,3.048600435256958,6554000,0.0,0.0
3.0657274039943565,3.099981341469154,3.014346497782161,3.048600435256958,1747600,0.0,0.0
3.014347076416016,3.0314740484411065,2.980093132365834,3.014347076416016,747200,0.0,0.0
3.0143447703560864,3.0314717292785645,2.9972178114336088,3.0314717292785645,933600,0.0,0.0
3.0314717292785645,3.0314717292785645,2.980090852511131,3.0314717292785645,716400,0.0,0.0
3.0314717292785645,3.0314717292785645,2.9972178114336088,3.0314717292785645,787200,0.0,0.0
3.014347076416016,3.0486010204661977,2.997220104390925,3.014347076416016,1163200,0.0,0.0
3.0314734665195586,3.048600435256958,3.014346497782161,3.048600435256958,200800,0.0,0.0
3.048598837066483,3.1513605956192854,3.048598837066483,3.117106676101685,576400,0.0,0.0
3.117106990084622,3.1513609130525846,3.0999800286006405,3.1342339515686035,649600,0.0,0.0
3.134234521929072,3.134234521929072,3.0657266635262506,3.099980592727661,712800,0.0,0.0
3.0999819365414707,3.0999819365414707,3.014347076416016,3.014347076416016,778400,0.0,0.0
3.0143453325544085,3.0314722946711945,2.980091408320836,2.997218370437622,273600,0.0,0.0
2.9972190144418303,3.0143459802386405,2.8944572196609677,2.9800920486450195,654000,0.0,0.0
2.980093132365834,3.0486010204661977,2.9629661603407427,3.014347076416016,660400,0.0,0.0
3.014347076416016,3.014347076416016,2.945839188315652,3.014347076416016,217600,0.0,0.0
3.014346251013684,3.0314732183489883,2.9115844470018533,2.928711414337158,419600,0.0,0.0
2.945838451385498,2.962965419126111,2.9287114836448844,2.945838451385498,234000,0.0,0.0
2.928712216290561,3.014347076416016,2.928712216290561,3.014347076416016,657200,0.0,0.0
3.01434566519853,3.0314726292053393,2.945837809171291,2.9629647731781006,1236000,0.0,0.0
2.9629650828482093,2.9972190144418303,2.9458381170513985,2.9800920486450195,900800,0.0,0.0
2.9629647928125715,2.9629647928125715,2.8944569363313564,2.91158390045166,646400,0.0,0.0
2.7403144602395275,2.8259492871220124,2.706060529486533,2.7916953563690186,1039200,0.0,0.0
2.8259494304656982,2.911584261691932,2.808822464220452,2.8259494304656982,643200,0.0,0.0
2.911584717886788,2.9287116868155336,2.8602038111005514,2.877330780029297,1373600,0.0,0.0
2.9115845159042717,2.945838451385498,2.8430766449418177,2.945838451385498,698800,0.0,0.0
2.945837809171291,2.9972187011917204,2.928710845164481,2.9629647731781006,891200,0.0,0.0
2.9622767280129825,2.979499267129337,2.8933865715475635,2.927831649780273,238400,0.03,0.0
2.927831681001754,2.945054220301764,2.8417189845017026,2.8933866024017334,1190400,0.0,0.0
2.8589416936386463,2.979499475900517,2.8244966129923976,2.9622769355773926,1074400,0.0,0.0
2.9967206627982,3.0139431953430176,2.9622755977085657,3.0139431953430176,373600,0.0,0.0
3.0139443261663343,3.1000570211996576,3.0139443261663343,3.082834482192993,402800,0.0,0.0
3.0656107929774694,3.1172783906119217,2.9967206627982,3.0139431953430176,311200,0.0,0.0
3.031165727887835,3.031165727887835,2.9794981302533836,3.0139431953430176,274000,0.0,0.0
2.9967218382017955,2.9967218382017955,2.8933866024017334,2.8933866024017334,482000,0.0,0.0
2.9106082025780733,2.927830736321139,2.841718067605812,2.858940601348877,869200,0.0,0.0
2.841718067605812,2.893385668835008,2.8244955338627458,2.858940601348877,406800,0.0,0.0
2.8761639009442246,2.945054054260254,2.8761639009442246,2.945054054260254,497200,0.0,0.0
2.9278318549311435,2.9622769355773926,2.9278318549311435,2.9622769355773926,366000,0.0,0.0
2.996720043818156,3.1517228047053023,2.996720043818156,3.10005521774292,1048000,0.0,0.0
3.1172795602063226,3.1345020992129875,3.0483894041796638,3.082834482192993,337200,0.0,0.0
3.082832912822346,3.1345005035400386,3.082832912822346,3.1345005035400386,1502000,0.0,0.0
3.134500244612335,3.20339035987854,3.117277715795784,3.20339035987854,1102800,0.0,0.0
3.1861688873984595,3.220613956451416,3.1517238183455034,3.220613956451416,740800,0.0,0.0
3.2378361775324893,3.4272840389838586,3.2378361775324893,3.358393907546997,1857600,0.0,0.0
3.358393907546997,3.358393907546997,3.3067263089693513,3.358393907546997,520000,0.0,0.0
3.341172351738332,3.3928399654250065,3.306727275947215,3.323949813842773,971600,0.0,0.0
3.3067269325256348,3.3067269325256348,3.2722818603118267,3.3067269325256348,976000,0.0,0.0
3.410062391366532,3.478952540687068,3.3756173167062635,3.4617300033569336,2225200,0.0,0.0
3.4617300033569336,3.513397615347336,3.4617300033569336,3.4617300033569336,1932400,0.0,0.0
3.4445074660268,3.5306201526774696,3.4445074660268,3.4617300033569336,834400,0.0,0.0
3.478952750783836,3.4961752891540527,3.4617302124136184,3.4961752891540527,484000,0.0,0.0
3.496173843523352,3.5650639685188854,3.496173843523352,3.530618906021118,1486800,0.0,0.0
3.5133977696515517,3.5822879219976604,3.5133977696515517,3.5650653839111333,474800,0.0,0.0
3.5650659973181567,3.616733620467695,3.530620915218464,3.5478434562683105,896400,0.0,0.0
3.5478434586644774,3.5478434586644774,3.4272856712341313,3.4272856712341313,453600,0.0,0.0
3.4272853292600067,3.4272853292600067,3.392840250573977,3.4100627899169917,410800,0.0,0.0
3.3928411591053007,3.4445087909698486,3.341173527240753,3.4445087909698486,384000,0.0,0.0
3.4445096035392924,3.4617321515569883,3.3756194114685063,3.3756194114685063,683200,0.0,0.0
3.410062541132388,3.5822879219976604,3.410062541132388,3.5650653839111333,2028000,0.0,0.0
3.5822885383680028,3.5822885383680028,3.5478434562683105,3.5478434562683105,1729200,0.0,0.0
3.5478405883679023,3.5822856426239014,3.513395534111903,3.5822856426239014,618800,0.0,0.0
3.5650659973181567,3.5822885383680028,3.5478434562683105,3.5478434562683105,1049600,0.0,0.0
3.5650653913951236,3.840626001358032,3.5650653913951236,3.840626001358032,2629200,0.0,0.0
3.8061812954979968,3.926739074088432,3.788958755699364,3.8234038352966313,2357200,0.0,0.0
3.8578515757685117,4.030077092543892,3.8578515757685117,3.96118688583374,4304800,0.0,0.0
3.961183007558187,3.961183007558187,3.8061801942189537,3.875070333480835,664800,0.0,0.0
3.8578476230847785,3.8578476230847785,3.7028448168001225,3.771734952926636,967600,0.0,0.0
3.7889585801220815,3.840626197123746,3.737290963120417,3.754513502120972,655200,0.0,0.0
3.7372900581805504,3.7372900581805504,3.6167323143682735,3.685622453689575,536800,0.0,0.0
3.720068216323853,3.720068216323853,3.651178064169707,3.720068216323853,446400,0.0,0.0
3.702843405002922,3.8234010972588313,3.685620877537792,3.806178569793701,708000,0.0,0.0
3.8406236247239613,3.8406236247239613,3.788956042328571,3.806178569793701,696400,0.0,0.0
3.8061809065165333,3.823403444555071,3.720068216323853,3.720068216323853,625600,0.0,0.0
3.702844769324897,3.7372898369465233,3.651177167892456,3.651177167892456,311200,0.0,0.0
3.68562314024678,3.737290754362389,3.6684006022082434,3.720068216323853,732800,0.0,0.0
3.720067523350225,3.720067523350225,3.66839991885925,3.685622453689575,320000,0.0,0.0
3.685622366683743,3.685622366683743,3.633954763412476,3.633954763412476,600800,0.0,0.0
3.6511757511358987,3.6511757511358987,3.4961730069839034,3.5822856426239014,562800,0.0,0.0
3.5650659973181567,3.5650659973181567,3.530620915218464,3.5478434562683105,646800,0.0,0.0
3.5822871601412083,3.651177297836232,3.5822871601412083,3.633954763412476,865600,0.0,0.0
3.6339555362572415,3.6339555362572415,3.5478428458246056,3.5650653839111333,434000,0.0,0.0
3.5822885383680028,3.5995110794178484,3.5478434562683105,3.5478434562683105,665200,0.0,0.0
3.5650659997259555,3.5650659997259555,3.4272856712341313,3.4272856712341313,884800,0.0,0.0
3.444506571843074,3.4617291047022887,3.2722812432509203,3.358393907546997,2156800,0.0,0.0
3.3583929803636337,3.3583929803636337,3.237835283632632,3.2550578117370605,568000,0.0,0.0
3.272280847704089,3.3067259092588683,3.168945663039749,3.1861681938171387,1636800,0.0,0.0
3.186170641671528,3.186170641671528,2.9795001135631036,3.03116774559021,1844400,0.0,0.0
3.03116774559021,3.1345030096444217,2.9622775695540686,3.03116774559021,1485200,0.0,0.0
3.031165889052094,3.186168690196803,3.0139433555915707,3.151723623275757,1176000,0.0,0.0
3.187058448791504,3.2736632979434472,3.1350955393003384,3.187058448791504,1086000,0.0325,0.0
3.1697366674741114,3.1697366674741114,3.0831318404939436,3.1177737712860107,1064400,0.0,0.0
3.1350955393003384,3.187058448791504,3.100453599639561,3.187058448791504,1246000,0.0,0.0
3.187057639457084,3.204378604888916,3.1177737777297563,3.204378604888916,398800,0.0,0.0
3.204378604888916,3.204378604888916,3.204378604888916,3.204378604888916,292400,0.0,0.0
3.1870567517402844,3.37758731842041,3.1870567517402844,3.37758731842041,1078000,0.0,0.0
3.36026797516976,3.36026797516976,3.3083050683372384,3.3429470062255864,370000,0.0,0.0
3.3429480950856947,3.3602690696716313,3.325627120499758,3.3602690696716313,259200,0.0,0.0
3.3602683146794634,3.377589285373688,3.3083054025967917,3.325626373291016,293600,0.0,0.0
3.3256250351511367,3.3429459988758827,3.308304071426392,3.308304071426392,177600,0.0,0.0
3.3256248311793546,3.3256248311793546,3.256340980529785,3.256340980529785,262800,0.0,0.0
3.2736628555482428,3.2736628555482428,3.187058018099877,3.221699953079224,270400,0.0,0.0
3.221699570320748,3.23902053575258,3.15241570859342,3.204378604888916,546000,0.0,0.0
3.221700388452281,3.221700388452281,3.1697374789611152,3.187058448791504,447600,0.0,0.0
3.221699953079224,3.221699953079224,3.187058018099877,3.221699953079224,1212800,0.0,0.0
3.2390202165274093,3.308304071426392,3.221699252802664,3.308304071426392,391600,0.0,0.0
3.3083054025967917,3.325626373291016,3.3083054025967917,3.325626373291016,413600,0.0,0.0
3.3256271604507686,3.3256271604507686,3.239022286480697,3.2736642360687256,856400,0.0,0.0
3.2736628555482428,3.2736628555482428,3.187058018099877,3.221699953079224,1062400,0.0,0.0
3.221698884125594,3.221698884125594,3.152415037155152,3.152415037155152,1045200,0.0,0.0
3.1870593620986534,3.2736642360687256,3.117775462922596,3.2736642360687256,880400,0.0,0.0
3.3256271437471137,3.533478840231308,3.3256271437471137,3.516157865524292,494000,0.0,0.0
3.498835802078247,3.5161567713954662,3.4641938634438088,3.498835802078247,215600,0.0,0.0
3.5161567713954662,3.5161567713954662,3.4641938634438088,3.498835802078247,374800,0.0,0.0
3.516155063815233,3.5507969856262207,3.4988341029097394,3.5507969856262207,995600,0.0,0.0
3.568120547703334,3.689367362431117,3.568120547703334,3.637404441833496,550800,0.0,0.0
3.620082189735857,3.620082189735857,3.5334773526608365,3.5681192874908447,327600,0.0,0.0
3.6027612686157227,3.6027612686157227,3.5681193333405714,3.6027612686157227,386000,0.0,0.0
3.6027623591810887,3.6374043049424465,3.585441386300411,3.620083332061768,850800,0.0,0.0
3.6027618657762766,3.706687688827514,3.585440895267736,3.706687688827514,556000,0.0,0.0
3.706687383823567,3.9838228891561696,3.706687383823567,3.845255136489868,2190400,0.0,0.0
3.9145395755767822,3.966502490296828,3.8625766608567367,3.9145395755767822,1842400,0.0,0.0
3.8972186040034336,3.9318605471501313,3.879897632430085,3.9145395755767822,508800,0.0,0.0
3.8972186040034336,3.9318605471501313,3.8279347177100393,3.9145395755767822,1025600,0.0,0.0
3.8972188053386545,3.8972188053386545,3.862576860402312,3.8798978328704834,1093600,0.0,0.0
3.8972186040034336,3.9145395755767822,3.8625766608567367,3.9145395755767822,1453600,0.0,0.0
3.8972188053386545,3.914539777806827,3.862576860402312,3.8798978328704834,1157600,0.0,0.0
3.8798970746564434,3.8798970746564434,3.810613198323293,3.845255136489868,829600,0.0,0.0
3.8106147958598013,3.8106147958598013,3.758651866825349,3.775972843170166,481600,0.0,0.0
3.7066883703447737,3.7066883703447737,3.5854415544923746,3.6720464229583736,651200,0.0,0.0
3.654724777301895,3.827934482387293,3.654724777301895,3.706687688827514,1629200,0.0,0.0
3.706687728563944,3.758650640646617,3.706687728563944,3.7413296699523926,253600,0.0,0.0
3.741329321990142,3.8798970746564434,3.741329321990142,3.845255136489868,921200,0.0,0.0
3.8798978328704834,3.9665026952113434,3.8798978328704834,3.8798978328704834,3267200,0.0,0.0
3.897216686835656,3.9145376498882585,3.8279328346252437,3.8279328346252437,970400,0.0,0.0
3.862577832788916,3.8798988096175657,3.741330994988367,3.7586519718170166,1086800,0.0,0.0
3.7932925820350647,3.7932925820350647,3.724008699258168,3.7413296699523926,419600,0.0,0.0
3.724008659336055,3.741329629844594,3.689366718318975,3.706687688827514,608800,0.0,0.0
3.6720462507038025,3.7066881964651586,3.620083332061768,3.620083332061768,1043200,0.0,0.0
3.5854422035305182,3.7759729486456655,3.5854422035305182,3.7586519718170166,1288400,0.0,0.0
3.7240084744336315,4.053106897755674,3.7240084744336315,3.949181079864502,2361200,0.0,0.0
3.966503278068873,4.018466203109078,3.966503278068873,3.9838242530822754,2494800,0.0,0.0
4.018466183396637,4.226317882537842,4.018466183396637,4.226317882537842,2005600,0.0,0.0
4.260957813262939,4.382204580307007,4.2436368465423575,4.330241680145264,1653600,0.0,0.0
4.3475626468658435,4.468809413909912,4.330241680145264,4.330241680145264,1636400,0.0,0.0
4.330242518335581,4.434168338775635,4.330242518335581,4.434168338775635,688800,0.0,0.0
4.41684762795133,4.4688105412213455,4.347563743591309,4.347563743591309,853600,0.0,0.0
4.364884990948462,4.399526935321068,4.295601102203248,4.3822059631347665,977600,0.0,0.0
4.330244589978316,4.451491438497709,4.330244589978316,4.399528503417969,1212000,0.0,0.0
4.399528503417969,4.434170460137795,4.382207525058056,4.399528503417969,505600,0.0,0.0
4.382205372151261,4.503452161104064,4.382205372151261,4.486131191253662,783200,0.0,0.0
4.486131191253662,4.538094100804863,4.4688102214032615,4.486131191253662,1207200,0.0,0.0
4.470823515206575,4.470823515206575,4.401238713413476,4.453427314758301,1130000,0.035,0.0
4.470823515206575,4.488219715654849,4.401238713413476,4.453427314758301,621200,0.0,0.0
4.47082192687696,4.540406703948975,4.436029538340953,4.540406703948975,809600,0.0,0.0
4.592596918344499,4.609993118792771,4.453427314758301,4.453427314758301,1135200,0.0,0.0
4.488220251243534,4.557805061340332,4.470824048719334,4.557805061340332,415200,0.0,0.0
4.557803438294608,4.609992027282715,4.54040724196524,4.609992027282715,499200,0.0,0.0
4.6099922512516835,4.644784645600752,4.592596054077148,4.592596054077148,908000,0.0,0.0
4.5925958611991975,4.662180646974941,4.5925958611991975,4.644784450531006,1422000,0.0,0.0
4.662180616270821,4.679576812600191,4.609992027282715,4.609992027282715,987200,0.0,0.0
4.62738987143713,4.62738987143713,4.557805061340332,4.557805061340332,842000,0.0,0.0
4.557803659728079,4.592596054077148,4.540407462553545,4.592596054077148,616800,0.0,0.0
4.6273875942936655,4.714368564111215,4.6273875942936655,4.696972370147705,667600,0.0,0.0
4.696974884211322,4.731767290761035,4.43603183508847,4.470824241638184,1702800,0.0,0.0
4.453428038363327,4.488220444913041,4.3664470219890426,4.470824241638184,738800,0.0,0.0
4.523012834436753,4.523012834436753,4.4360318183898935,4.4360318183898935,1138000,0.0,0.0
4.453428021599264,4.453428021599264,4.418635615180522,4.4360318183898935,392000,0.0,0.0
4.43603183508847,4.470824241638184,4.418635631813613,4.470824241638184,750800,0.0,0.0
4.47082192687696,4.557802898216979,4.47082192687696,4.540406703948975,455200,0.0,0.0
4.557802932797276,4.592595321597256,4.505614349597307,4.5751991271972665,512000,0.0,0.0
4.592595511216383,4.592595511216383,4.523010730743408,4.523010730743408,616800,0.0,0.0
4.523010953512892,4.540407149487941,4.505614757537842,4.505614757537842,800800,0.0,0.0
4.540408316999674,4.575200717896222,4.453427314758301,4.453427314758301,390400,0.0,0.0
4.453425732608956,4.557802898216979,4.453425732608956,4.540406703948975,540800,0.0,0.0
4.57520144406487,4.57520144406487,4.418635615180522,4.4360318183898935,742800,0.0,0.0
4.453426238029233,4.470822434271536,4.314256668090819,4.314256668090819,700400,0.0,0.0
4.314255596192415,4.331651788112546,4.209878444671632,4.209878444671632,425200,0.0,0.0
4.20987949063701,4.314256668090819,4.192483294394709,4.314256668090819,520800,0.0,0.0
4.279465426230917,4.279465426230917,4.209880622552365,4.262069225311278,401600,0.0,0.0
4.2794656558114985,4.3142580595172815,4.2272770502528205,4.244673252105713,322800,0.0,0.0
4.244673212369284,4.244673212369284,4.175088405609132,4.175088405609132,389200,0.0,0.0
4.175088405609132,4.209880808989206,4.140296002229055,4.175088405609132,968400,0.0,0.0
4.192484607299169,4.192484607299169,4.175088405609132,4.175088405609132,104800,0.0,0.0
4.122898291318845,4.140294486640864,4.035917314708742,4.070709705352783,698000,0.0,0.0
4.0707109306432026,4.157691933434724,4.0707109306432026,4.122899532318115,872400,0.0,0.0
4.122899800539018,4.192484607299169,4.122899800539018,4.175088405609132,280800,0.0,0.0
4.175088405609132,4.175088405609132,4.157692203919092,4.175088405609132,306400,0.0,0.0
4.244673481693973,4.2794658872816305,4.209881076106319,4.2272772789001465,1248800,0.0,0.0
4.227277010679245,4.227277010679245,4.157692203919092,4.175088405609132,1010400,0.0,0.0
4.1576912262860475,4.17508742388557,4.122898831086999,4.1402950286865225,998400,0.0,0.0
4.122898831086999,4.1402950286865225,4.088106435887954,4.1402950286865225,610800,0.0,0.0
4.157692308974477,4.157692308974477,3.8793530749008722,3.9315416812896733,773200,0.0,0.0
3.966334359542184,4.001126766204834,3.9315419528795332,4.001126766204834,3992000,0.0,0.0
4.0011274657060385,4.0011274657060385,3.9315426402155,3.948938846588135,481200,0.0,0.0
3.966334085548873,3.9837302876784735,3.9315416812896733,3.9315416812896733,509200,0.0,0.0
3.9489369929094855,4.035917983942734,3.9489369929094855,4.018521785736084,759600,0.0,0.0
4.018521744953959,4.018521744953959,3.948936952833544,3.966333150863648,516800,0.0,0.0
3.966333150863648,4.018521744953959,3.966333150863648,3.966333150863648,664800,0.0,0.0
3.966333705820936,4.088107109069823,3.966333705820936,4.088107109069823,1354800,0.0,0.0
4.105502128601073,4.105502128601073,4.053313542220552,4.105502128601073,721200,0.0,0.0
4.105502633487477,4.1576912262860475,4.105502633487477,4.1402950286865225,756000,0.0,0.0
4.17508742388557,4.17508742388557,4.1402950286865225,4.1402950286865225,710000,0.0,0.0
4.140295732876419,4.157691933434724,4.0707109306432026,4.122899532318115,1070800,0.0,0.0
4.157691955566406,4.1750881562173126,4.140295754915502,4.157691955566406,674800,0.0,0.0
4.157691955566406,4.157691955566406,4.122899554264595,4.157691955566406,282000,0.0,0.0
4.157691955566406,4.157691955566406,4.140295754915502,4.157691955566406,215200,0.0,0.0
4.157691955566406,4.1750881562173126,4.140295754915502,4.157691955566406,1610000,0.0,0.0
4.17508742388557,4.17508742388557,4.122898831086999,4.1402950286865225,370800,0.0,0.0
4.1750868772849055,4.1750868772849055,4.070709705352783,4.070709705352783,280400,0.0,0.0
4.0881082826647255,4.0881082826647255,4.035919666290283,4.035919666290283,510400,0.0,0.0
4.053313510030764,4.070709705352783,4.035917314708742,4.070709705352783,388400,0.0,0.0
4.105502128601073,4.140294519521421,4.0881059331409,4.105502128601073,516000,0.0,0.0
4.140294519521421,4.140294519521421,4.105502128601073,4.105502128601073,154800,0.0,0.0
4.122899554264595,4.1750881562173126,4.122899554264595,4.157691955566406,1257600,0.0,0.0
4.157691933434724,4.157691933434724,4.1055033317598095,4.122899532318115,949600,0.0,0.0
4.1075159858736345,4.124994777302885,4.055079611585886,4.072558403015137,527200,0.035,0.0
4.055081413302359,4.055081413302359,3.9676874173260153,4.002645015716554,910800,0.0,0.0
4.0201243915055915,4.0201243915055915,3.967687986398998,3.985166788101196,369200,0.0,0.0
4.002645015716554,4.0201238149118215,3.9676874173260153,4.002645015716554,921200,0.0,0.0
4.002645015716554,4.037602614107089,4.002645015716554,4.002645015716554,442800,0.0,0.0
4.002645015716554,4.0201238149118215,3.985166216521284,4.002645015716554,196000,0.0,0.0
4.0026451587677006,4.020123958587647,3.967687559127808,4.020123958587647,1265600,0.0,0.0
4.055081180018236,4.090038776397705,4.02012358363877,4.090038776397705,924000,0.0,0.0
4.299785244464874,4.317264046271641,4.159954830010732,4.1949124336242685,2860400,0.0,0.0
4.1949124336242685,4.1949124336242685,4.142476028203964,4.1949124336242685,1026000,0.0,0.0
4.194911909692081,4.2648271081869495,4.177433110068366,4.2473483085632315,651200,0.0,0.0
4.282307147979736,4.282307147979736,4.264828343294105,4.282307147979736,383600,0.0,0.0
4.28230286629732,4.28230286629732,4.2298665046691895,4.2298665046691895,409600,0.0,0.0
4.264824079087943,4.264824079087943,4.194908930250436,4.2298665046691895,436400,0.0,0.0
4.212390709315798,4.2648271081869495,4.212390709315798,4.2473483085632315,176000,0.0,0.0
4.2823059078106676,4.2823059078106676,4.2473483085632315,4.2473483085632315,90400,0.0,0.0
4.194912149124787,4.247348550988846,4.142475747260726,4.15995454788208,932000,0.0,0.0
4.124997226397197,4.1949124336242685,4.124997226397197,4.1949124336242685,514400,0.0,0.0
4.2123898353254745,4.2298686313226765,4.0900382633450665,4.14247465133667,1129600,0.0,0.0
4.142477310937027,4.142477310937027,4.037604467622165,4.055083274841309,681600,0.0,0.0
4.090038357294194,4.090038357294194,3.897771596908569,3.897771596908569,960000,0.0,0.0
3.897774009869017,4.055083274841309,3.792901166554155,4.055083274841309,920000,0.0,0.0
4.072561205443689,4.124997615814209,4.05508240198685,4.124997615814209,694800,0.0,0.0
4.124997201718782,4.124997201718782,3.9502091846968,3.985166788101196,406400,0.0,0.0
3.950209993622902,3.967688798904419,3.9152523830598662,3.967688798904419,524000,0.0,0.0
3.915250828835816,3.9502084255218506,3.915250828835816,3.9502084255218506,1654400,0.0,0.0
3.9502082803514265,3.9851658757527675,3.932729482650757,3.932729482650757,1375200,0.0,0.0
3.9676867825033417,3.9851655789020355,3.880292800509877,3.897771596908569,1991600,0.0,0.0
3.9327296271788335,3.985166022207885,3.9327296271788335,3.9502084255218506,1451600,0.0,0.0
3.9502084255218506,3.985166022207885,3.9502084255218506,3.9502084255218506,462800,0.0,0.0
3.9327274350559014,3.9327274350559014,3.8103759148541623,3.8628122806549072,890000,0.0,0.0
3.862814291848077,3.9502082803514265,3.862814291848077,3.932729482650757,305600,0.0,0.0
3.9676857228790015,3.9676857228790015,3.915249347686768,3.915249347686768,1584400,0.0,0.0
3.915251019740209,4.0201238149118215,3.8977722205449403,4.002645015716554,1145600,0.0,0.0
3.9152508656912985,3.9152508656912985,3.7928992761384457,3.810378074645996,2630000,0.0,0.0
3.7928992761384457,3.810378074645996,3.722984082108244,3.810378074645996,2168800,0.0,0.0
3.8103759148541623,3.8628122806549072,3.7928971262539135,3.8628122806549072,745600,0.0,0.0
3.8628129724945337,3.915249347686768,3.8103765973023,3.915249347686768,488800,0.0,0.0
3.8802917642252783,3.950206931148256,3.8628129724945337,3.915249347686768,394800,0.0,0.0
3.9152509672147735,3.932729766175554,3.862814570332433,3.880293369293213,928800,0.0,0.0
3.880292800509877,3.897771596908569,3.880292800509877,3.897771596908569,286000,0.0,0.0
3.915249347686768,3.950206931148256,3.897770555956023,3.915249347686768,680400,0.0,0.0
3.897770555956023,3.915249347686768,3.8802917642252783,3.915249347686768,241200,0.0,0.0
3.932728139417512,3.932728139417512,3.8802917642252783,3.915249347686768,316400,0.0,0.0
3.915250684950087,3.932729482650757,3.8977718872494167,3.932729482650757,633600,0.0,0.0
3.950207986104649,3.950207986104649,3.897771596908569,3.897771596908569,434000,0.0,0.0
3.897771596908569,3.915250393307263,3.880292800509877,3.897771596908569,1092000,0.0,0.0
3.897771596908569,3.915250393307263,3.862814004111183,3.897771596908569,527600,0.0,0.0
3.897769857855404,3.897769857855404,3.8628122806549072,3.8628122806549072,443600,0.0,0.0
3.8802950035442,3.8802950035442,3.845337390899658,3.845337390899658,766800,0.0,0.0
3.827857930539391,3.845336733875187,3.757942717196205,3.7929003238677983,870000,0.0,0.0
3.7754221656105735,3.845337390899658,3.7579433592883023,3.845337390899658,291600,0.0,0.0
3.845335671661097,3.8802932686761977,3.810378074645996,3.810378074645996,224000,0.0,0.0
3.810379127203594,3.810379127203594,3.7754215205320016,3.7929003238677983,808000,0.0,0.0
3.7928998993935994,3.7928998993935994,3.670548289735741,3.7404634952545166,908000,0.0,0.0
3.7404634952545166,3.7754210980139047,3.7404634952545166,3.7404634952545166,553600,0.0,0.0
3.7579419131570018,3.7754207127530814,3.722984313964844,3.722984313964844,234000,0.0,0.0
3.722983653046364,3.757941246032715,3.722983653046364,3.757941246032715,533600,0.0,0.0
3.7579422966342095,3.7579422966342095,3.7229846938748237,3.7404634952545166,245200,0.0,0.0
3.74046244953954,3.7754200425258895,3.722983653046364,3.757941246032715,600000,0.0,0.0
3.7754203238577215,3.7754203238577215,3.7055051326751713,3.7055051326751713,505600,0.0,0.0
3.7055054660092033,3.7055054660092033,3.670547867273267,3.6880266666412354,168800,0.0,0.0
3.6880267147726857,3.722984313964844,3.6880267147726857,3.722984313964844,255200,0.0,0.0
3.6705464967867214,3.6705464967867214,3.583152532577514,3.583152532577514,390400,0.0,0.0
3.5852623667035783,3.690711259841919,3.5852623667035783,3.690711259841919,1409200,0.035,0.0
3.708287342236592,3.7610118068181553,3.6379880561278415,3.655562877655029,1326400,0.0,0.0
3.637986813272749,3.7258608908880317,3.637986813272749,3.690711259841919,480800,0.0,0.0
3.708286075364976,3.708286075364976,3.673136444318862,3.690711259841919,591200,0.0,0.0
3.673136444318862,3.708286075364976,3.655561628795805,3.690711259841919,216000,0.0,0.0
3.690712520709405,3.708287342236592,3.655562877655029,3.655562877655029,338800,0.0,0.0
3.6731373285347564,3.725861787796021,3.6731373285347564,3.725861787796021,826800,0.0,0.0
3.725861787796021,3.743436607549776,3.7082869680422657,3.725861787796021,500800,0.0,0.0
3.761009717771145,3.796159341301717,3.7434349060058594,3.7434349060058594,764000,0.0,0.0
3.7610105219341463,3.7610105219341463,3.690711259841919,3.690711259841919,205200,0.0,0.0
3.708287342236592,3.708287342236592,3.6379880561278415,3.655562877655029,568800,0.0,0.0
3.6555635552657284,3.6907132048355904,3.637988730480796,3.6731383800506587,729200,0.0,0.0
3.708285282475288,3.761009717771145,3.708285282475288,3.7434349060058594,810400,0.0,0.0
3.7785858798910072,3.8488851520750265,3.7785858798910072,3.796160697937012,933200,0.0,0.0
3.7961602790333395,3.7961602790333395,3.743435830713433,3.761010646820069,893200,0.0,0.0
3.7610104931474297,3.7610104931474297,3.708286046981812,3.708286046981812,149600,0.0,0.0
3.7258608908880317,3.7258608908880317,3.673136444318862,3.690711259841919,457600,0.0,0.0
3.725860280768816,3.778584718704224,3.7082854681236803,3.778584718704224,509600,0.0,0.0
3.761009717771145,3.7785845295364315,3.708285282475288,3.7434349060058594,413600,0.0,0.0
3.7785845295364315,3.8137341530670015,3.7258600942405735,3.7434349060058594,271600,0.0,0.0
3.743436607549776,3.743436607549776,3.6907121482885112,3.725861787796021,348800,0.0,0.0
3.725862854405453,3.725862854405453,3.6555635552657284,3.6731383800506587,470400,0.0,0.0
3.673137733901757,3.673137733901757,3.6379880905151367,3.6379880905151367,1626800,0.0,0.0
3.6555635552657284,3.6731383800506587,3.637988730480796,3.6731383800506587,382800,0.0,0.0
3.673137733901757,3.673137733901757,3.602838447128517,3.6379880905151367,712000,0.0,0.0
3.6379880905151367,3.673137733901757,3.6379880905151367,3.6379880905151367,1000400,0.0,0.0
3.6379889608016733,3.6379889608016733,3.5501148313137114,3.567689657211304,890800,0.0,0.0
3.56768801896879,3.5852628367962223,3.5501132011413574,3.5501132011413574,1280800,0.0,0.0
3.550113711191054,3.550113711191054,3.3743655076667447,3.532538890838623,702800,0.0,0.0
3.585261344909668,3.6379857764524575,3.567686534395405,3.585261344909668,884000,0.0,0.0
3.585264256126002,3.6731383800506587,3.567689431341071,3.6731383800506587,467200,0.0,0.0
3.6555635552657284,3.6907132048355904,3.620413905695865,3.6731383800506587,532400,0.0,0.0
3.690711231593272,3.708286046981812,3.6555616008161937,3.708286046981812,402400,0.0,0.0
3.725861787796021,3.743436607549776,3.7082869680422657,3.725861787796021,170000,0.0,0.0
3.725861787796021,3.7785862470572855,3.7082869680422657,3.725861787796021,516800,0.0,0.0
3.743435830713433,3.7785854629267037,3.6907113823935247,3.761010646820069,536000,0.0,0.0
3.743435830713433,3.7785854629267037,3.743435830713433,3.761010646820069,2334800,0.0,0.0
3.7258602891649515,3.9719076667513167,3.7258602891649515,3.9367580413818364,1017600,0.0,0.0
3.971908743098631,4.1652317350193595,3.971908743098631,4.1476569175720215,1036400,0.0,0.0
4.1125049795715585,4.130079787176566,4.042205749151533,4.094930171966554,505600,0.0,0.0
4.1125078201293945,4.1476574596176805,4.0773581806411086,4.1125078201293945,773200,0.0,0.0
4.130082639873537,4.130082639873537,4.1125078201293945,4.1125078201293945,150000,0.0,0.0
4.1300821001246835,4.182806552466699,4.1300821001246835,4.1476569175720215,1407600,0.0,0.0
4.165229842003355,4.165229842003355,4.077355794703706,4.130080223083496,132000,0.0,0.0
4.165229842003355,4.182804651463285,4.130080223083496,4.130080223083496,366400,0.0,0.0
4.2003821988900505,4.253106661637624,4.165232557058334,4.217957019805908,847200,0.0,0.0
4.2179560364529305,4.2355308532714835,4.182806402815823,4.2355308532714835,1454800,0.0,0.0
4.235531426277482,4.270681064669826,4.182806968688965,4.182806968688965,560400,0.0,0.0
4.2003821988900505,4.235531840721766,4.2003821988900505,4.217957019805908,1388400,0.0,0.0
4.253107178660117,4.288256824764747,4.200382709503174,4.200382709503174,784000,0.0,0.0
4.217957019805908,4.217957019805908,4.182807377974192,4.217957019805908,558000,0.0,0.0
4.200379306619817,4.270678541877054,4.200379306619817,4.253103733062743,200400,0.0,0.0
4.288255244125555,4.288255244125555,4.235530794402699,4.2706804275512695,312000,0.0,0.0
4.2706813480033246,4.305830988727632,4.2355317072790175,4.288256168365479,406400,0.0,0.0
4.270681315052266,4.340980595958476,4.270681315052266,4.305830955505371,671200,0.0,0.0
4.3409798426890935,4.464003562927246,4.3409798426890935,4.464003562927246,850000,0.0,0.0
4.481579022235182,4.481579022235182,4.358555284369902,4.376130104064941,368800,0.0,0.0
4.358553886413573,4.393703514529813,4.358553886413573,4.358553886413573,111600,0.0,0.0
4.393703514529813,4.393703514529813,4.323404258297336,4.358553886413573,269600,0.0,0.0
4.358553886413573,4.3761287004716936,4.358553886413573,4.358553886413573,288800,0.0,0.0
4.376130104064941,4.376130104064941,4.358555284369902,4.376130104064941,212400,0.0,0.0
4.376130104064941,4.4112797434550215,4.376130104064941,4.376130104064941,777600,0.0,0.0
4.411276796507457,4.464001220370097,4.393701988553244,4.42885160446167,354400,0.0,0.0
4.448623101542315,4.483929634094238,4.430969835266353,4.483929634094238,608800,0.035,0.0
4.483931827922112,4.501585102835191,4.466278553009033,4.466278553009033,803200,0.0,0.0
4.4662788406250975,4.483932116674999,4.430972288525294,4.448625564575195,386800,0.0,0.0
4.483931827922112,4.483931827922112,4.466278553009033,4.466278553009033,88400,0.0,0.0
4.501584158387295,4.554543972015381,4.483930887177934,4.554543972015381,777200,0.0,0.0
4.536890594632019,4.554543865428252,4.483930782243316,4.501584053039551,1417600,0.0,0.0
4.501584053039551,4.536890594632019,4.483930782243316,4.501584053039551,196000,0.0,0.0
4.519238661235409,4.554545213276311,4.519238661235409,4.5368919372558585,291600,0.0,0.0
4.572198767314926,4.6075053215026855,4.554545490221045,4.6075053215026855,196800,0.0,0.0
4.625157833099365,4.6428111072715,4.625157833099365,4.625157833099365,253200,0.0,0.0
4.625157833099365,4.625157833099365,4.5898512847550945,4.625157833099365,216800,0.0,0.0
4.625157253162281,4.625157253162281,4.572197437286377,4.572197437286377,473600,0.0,0.0
4.5898505144341035,4.5898505144341035,4.536890700806019,4.554543972015381,342400,0.0,0.0
4.536891747266053,4.536891747266053,4.4839319214224815,4.519238471984863,424400,0.0,0.0
4.483930782243316,4.501584053039551,4.4309709698546165,4.501584053039551,742800,0.0,0.0
4.5015853927249,4.5015853927249,4.430972288525294,4.448625564575195,400000,0.0,0.0
4.483930782243316,4.501584053039551,4.4309709698546165,4.501584053039551,377600,0.0,0.0
4.483932109194507,4.5368919372558585,4.483932109194507,4.5368919372558585,396800,0.0,0.0
4.572198104858399,4.589851379394531,4.554544830322264,4.589851379394531,807200,0.0,0.0
4.6075053215026855,4.6075053215026855,4.536892213127166,4.6075053215026855,302800,0.0,0.0
4.625157833099365,4.67811765561577,4.60750455892723,4.625157833099365,342000,0.0,0.0
4.642812334505239,4.695772171020508,4.625159055666816,4.695772171020508,410400,0.0,0.0
4.695772171020508,4.7134254498589305,4.678118892182085,4.695772171020508,100400,0.0,0.0
4.713423728942871,4.713423728942871,4.6781171841567835,4.713423728942871,269200,0.0,0.0
4.695770929787905,4.71342420396004,4.60750455892723,4.625157833099365,1042800,0.0,0.0
4.625157056852829,4.625157056852829,4.536890700806019,4.554543972015381,750400,0.0,0.0
4.5898512847550945,4.625157833099365,4.5721980105829605,4.625157833099365,288800,0.0,0.0
4.625157548447525,4.642810821533203,4.58985100227617,4.642810821533203,304800,0.0,0.0
4.625157253162281,4.625157253162281,4.554544165327743,4.572197437286377,290000,0.0,0.0
4.572198104858399,4.589851379394531,4.5368915557861325,4.589851379394531,748800,0.0,0.0
4.642810639370693,4.766383546122005,4.642810639370693,4.713423728942871,1789600,0.0,0.0
4.748732535508427,4.872305501116453,4.748732535508427,4.83699893951416,1066800,0.0,0.0
4.819345658713013,4.83699893951416,4.731079254707281,4.83699893951416,1693600,0.0,0.0
4.819345658713013,4.83699893951416,4.784039097110719,4.83699893951416,432800,0.0,0.0
5.013529106921948,5.101795464438179,4.889956206399224,4.995875835418701,1427600,0.0,0.0
5.048837075868159,5.1900632877805535,5.013530522890059,5.172410011291504,1638800,0.0,0.0
5.172409145982115,5.172409145982115,4.942916590017039,5.0488362312316895,5300400,0.0,0.0
5.048836038823714,5.048836038823714,5.013529493097674,5.031182765960693,293600,0.0,0.0
5.013529684160139,5.08414277830324,4.978223137088589,5.0488362312316895,524000,0.0,0.0
5.084142192934934,5.137102007444671,4.995875835418701,4.995875835418701,861200,0.0,0.0
4.9782225485328295,4.9782225485328295,4.819343105494547,4.907609462738037,1131600,0.0,0.0
4.889956206399224,4.995875835418701,4.8369963918894845,4.995875835418701,772800,0.0,0.0
4.995876978820478,5.013530254364014,4.960570427733408,5.013530254364014,508800,0.0,0.0
5.0135312668264715,5.172410778803369,5.0135312668264715,5.154757499694824,698800,0.0,0.0
5.154758040786635,5.172411321748234,4.960571950209057,4.978225231170653,939200,0.0,0.0
4.995876220234654,5.066489311686733,4.978222947371633,5.031182765960693,231200,0.0,0.0
5.013529493097674,5.031182765960693,4.960569674508613,5.031182765960693,196800,0.0,0.0
5.119451231153562,5.2077176316906915,5.119451231153562,5.137104511260986,752800,0.0,0.0
5.137103546310115,5.225369930267334,5.119450269518672,5.225369930267334,463200,0.0,0.0
5.3312890049647965,5.454861928920934,5.3312890049647965,5.348942279815674,1632000,0.0,0.0
5.419554233551025,5.507820589146318,5.384247691312908,5.419554233551025,1054000,0.0,0.0
5.348943420146642,5.4019032559896765,5.295983584303605,5.366596698760986,902800,0.0,0.0
5.419552765074808,5.560778895760797,5.40189949873906,5.543125629425049,1665200,0.0,0.0
5.507820302789861,5.507820302789861,5.384247411381113,5.437207221984863,472400,0.0,0.0
5.454863442485356,5.507823281732786,5.454863442485356,5.4901700019836435,690800,0.0,0.0
5.490165510485249,5.507818775792276,5.437205714564168,5.472512245178223,367200,0.0,0.0
5.472516906567108,5.507823467254639,5.437210345879579,5.507823467254639,711200,0.0,0.0
5.401902511202056,5.401902511202056,5.0841435399548764,5.119450092315674,1200400,0.0,0.0
5.172409145982115,5.172409145982115,5.013529684160139,5.0488362312316895,737600,0.0,0.0
5.066488325595857,5.084141595023019,4.854649092469897,4.942915439605713,1496400,0.0,0.0
4.942916291715437,4.942916291715437,4.836996656892961,4.889956474304199,434000,0.0,0.0
4.889956206399224,4.995875835418701,4.889956206399224,4.995875835418701,508000,0.0,0.0
4.998003528964135,4.998003528964135,4.909386445117253,4.944833278656006,209600,0.035,0.0
4.962557435445358,5.157515048980713,4.944834016033054,5.157515048980713,358000,0.0,0.0
5.175238554356461,5.2284088134765625,5.175238554356461,5.2284088134765625,786800,0.0,0.0
5.2638556830930385,5.387919621751799,5.2638556830930385,5.35247278213501,452800,0.0,0.0
5.317025942518222,5.441089881176981,5.317025942518222,5.35247278213501,431600,0.0,0.0
5.370194435119629,5.423364677051506,5.334747607165044,5.370194435119629,346400,0.0,0.0
5.370196201943403,5.405643041560191,5.35247278213501,5.35247278213501,853200,0.0,0.0
5.317026054536973,5.317026054536973,5.122068432537285,5.246132373809815,360400,0.0,0.0
5.263853843395528,5.334747497852033,5.263853843395528,5.299300670623778,334800,0.0,0.0
5.334747497852033,5.334747497852033,5.299300670623778,5.299300670623778,637600,0.0,0.0
5.299300523412309,5.299300523412309,5.263853697168747,5.281577110290527,373600,0.0,0.0
5.299302522709827,5.35247278213501,5.228408843476252,5.35247278213501,963600,0.0,0.0
5.387919621751799,5.423366461368586,5.35247278213501,5.35247278213501,412000,0.0,0.0
5.370192546844481,5.370192546844481,5.281575508117674,5.317022323608398,92800,0.0,0.0
5.35247278213501,5.370196201943403,5.317025942518222,5.35247278213501,175600,0.0,0.0
5.334747607165044,5.3879178490969215,5.334747607165044,5.370194435119629,187600,0.0,0.0
5.405644077101566,5.511984616323234,5.405644077101566,5.423367500305176,936800,0.0,0.0
5.405643814246371,5.511984348297119,5.405643814246371,5.511984348297119,1128800,0.0,0.0
5.52970777063891,5.547431192980702,5.476537503613536,5.511984348297119,212000,0.0,0.0
5.494257479614854,5.494257479614854,5.423363834716598,5.441087245941162,306400,0.0,0.0
5.458811393150916,5.458811393150916,5.299300670623778,5.299300670623778,1045600,0.0,0.0
5.263854665576287,5.263854665576287,4.608088259427053,4.696705341339111,4791200,0.0,0.0
4.732151145864677,4.820768208521319,4.661257495739363,4.80304479598999,5557600,0.0,0.0
4.820768611095444,4.909385681152344,4.803045197084061,4.909385681152344,1107200,0.0,0.0
4.873938143918061,4.891661555350492,4.767597675323486,4.767597675323486,636800,0.0,0.0
4.803045839633581,4.803045839633581,4.625811675809464,4.696705341339111,650800,0.0,0.0
4.696705341339111,4.749875590486346,4.678981924956699,4.696705341339111,728000,0.0,0.0
4.661258647218347,4.749875731766224,4.519471311941743,4.537194728851318,1008800,0.0,0.0
4.3954074392205635,4.484024524688722,4.289066936658776,4.484024524688722,2638000,0.0,0.0
4.519468488693239,4.554915300369263,4.3954046478271485,4.430851459503174,1255600,0.0,0.0
4.430853513132528,4.466300341237589,4.413130099079998,4.448576927185059,831600,0.0,0.0
4.430854604357765,4.466301441192627,4.3954077675229035,4.466301441192627,500800,0.0,0.0
4.448576927185059,4.484023755290119,4.413130099079998,4.448576927185059,498800,0.0,0.0
4.466300512998159,4.643534660339356,4.466300512998159,4.643534660339356,614400,0.0,0.0
4.625810092754578,4.785320785608183,4.625810092754578,4.7321505546569815,344000,0.0,0.0
4.76760121505626,4.856218338012695,4.749877790464971,4.856218338012695,635200,0.0,0.0
4.856217584189246,4.856217584189246,4.803047318668926,4.820770740509033,394400,0.0,0.0
4.803045986290265,4.838492820137425,4.696705484748783,4.714428901672363,829600,0.0,0.0
4.661256663127295,4.661256663127295,4.554916206934277,4.590363025665283,543600,0.0,0.0
4.572641610156877,4.572641610156877,4.466301107595089,4.484024524688722,596800,0.0,0.0
4.448577277476971,4.661258262854356,4.448577277476971,4.60808801651001,1161600,0.0,0.0
4.608089678427752,4.838494162349138,4.608089678427752,4.820770740509033,862400,0.0,0.0
4.820768208521319,4.820768208521319,4.7675979709273335,4.80304479598999,560800,0.0,0.0
4.785321300679987,4.803044712904729,4.6435340028820615,4.678980827331543,996400,0.0,0.0
4.696705093750587,4.7144285091987035,4.5726411856137785,4.60808801651001,194400,0.0,0.0
4.5903659682763385,4.678983071911016,4.5903659682763385,4.661259651184082,351600,0.0,0.0
4.643535233978042,4.714428901672363,4.608088400130882,4.714428901672363,281600,0.0,0.0
4.714428319275834,4.714428319275834,4.625811245605236,4.643534660339356,254000,0.0,0.0
4.643534847406241,4.643534847406241,4.5726411856137785,4.60808801651001,549600,0.0,0.0
4.643535100763494,4.891662930575285,4.643535100763494,4.873939514160156,1183600,0.0,0.0
4.9093847002301905,4.98027834211077,4.9093847002301905,4.962554931640625,950400,0.0,0.0
4.98027948509875,5.033449728711903,4.927109241485597,4.927109241485597,780800,0.0,0.0
4.891661289760044,4.962554931640625,4.873937879289898,4.962554931640625,249600,0.0,0.0
4.9625569815313275,4.998003817113694,4.9448335637401435,4.98028039932251,339600,0.0,0.0
4.980280208924634,5.015727043151856,4.9271099575838,5.015727043151856,603600,0.0,0.0
5.015726235550893,5.033449649810791,4.9980028212909975,5.033449649810791,522400,0.0,0.0
5.033449649810791,5.0688964783305845,5.015726235550893,5.033449649810791,338000,0.0,0.0
5.015727856480483,5.015727856480483,4.980281016505357,4.99800443649292,202400,0.0,0.0
5.033449649810791,5.104343306850379,4.9980028212909975,5.033449649810791,788000,0.0,0.0
5.033450460265466,5.086620711606298,4.998003626038244,5.015727043151856,649600,0.0,0.0
4.99800443649292,5.05117469645561,4.980281016505357,4.99800443649292,396400,0.0,0.0
5.051173064070689,5.086619892590481,5.015726235550893,5.033449649810791,670400,0.0,0.0
5.051174070487242,5.051174070487242,4.891663310366593,4.98028039932251,302000,0.0,0.0
4.911238345471057,4.929032687302474,4.84006097814539,4.857855319976807,674000,0.035,0.0
4.8756508336347695,4.893445179742924,4.8222677953103,4.840062141418457,1166000,0.0,0.0
4.8222664290100985,4.875649452209473,4.80447208794364,4.875649452209473,386800,0.0,0.0
4.911238403320311,4.982415771484375,4.857855377197264,4.893444061279297,1461600,0.0,0.0
4.893444003639639,4.893444003639639,4.84006097814539,4.857855319976807,175200,0.0,0.0
4.857854301199262,4.857854301199262,4.804471286900369,4.822265625,324400,0.0,0.0
4.822266636313972,4.857855319976807,4.804472294482556,4.857855319976807,232800,0.0,0.0
4.85785241778806,4.982412736192882,4.85785241778806,4.946824073791504,594000,0.0,0.0
4.9468264961907265,5.1247698953342775,4.9468264961907265,5.106975555419922,1293200,0.0,0.0
5.089183407445108,5.142566450180547,4.964622974395752,4.964622974395752,4632800,0.0,0.0
4.9646184049921915,4.982412736192882,4.929029742590815,4.946824073791504,509200,0.0,0.0
4.946824073791504,4.9646184049921915,4.929029742590815,4.946824073791504,664400,0.0,0.0
4.9646189587456835,5.018001958302089,4.946824625560216,4.982413291931152,410400,0.0,0.0
5.018003542931072,5.035797881735791,4.929031848907472,4.929031848907472,366800,0.0,0.0
4.9290327453613285,4.946827087402344,4.893444061279297,4.893444061279297,367600,0.0,0.0
4.893443377121635,4.929032056227974,4.875649037568465,4.911237716674805,175600,0.0,0.0
4.911238403320311,4.946827087402344,4.8756497192382815,4.893444061279297,509200,0.0,0.0
4.893444003639639,4.893444003639639,4.7866779526511385,4.857855319976807,830800,0.0,0.0
4.857855686910977,4.857855686910977,4.768883971033486,4.7866783142089835,623600,0.0,0.0
4.786676611473312,4.8044709483189365,4.697704927245184,4.7688822746276855,694400,0.0,0.0
4.7866783142089835,4.8222670005599815,4.768883971033486,4.7866783142089835,569600,0.0,0.0
4.786676611473312,4.786676611473312,4.733293600936434,4.7688822746276855,1357200,0.0,0.0
4.911235861942687,5.178150854439571,4.893441529109562,5.160356521606445,4236800,0.0,0.0
5.124772888808527,5.231538990658705,5.124772888808527,5.213744640350342,1128000,0.0,0.0
5.231536595326549,5.6941894915118905,5.231536595326549,5.658600807189941,2763200,0.0,0.0
5.658603062996497,5.658603062996497,5.480659570449438,5.551836967468262,1257200,0.0,0.0
5.534040507417137,5.605217877287453,5.534040507417137,5.569629192352295,492400,0.0,0.0
5.551835750076932,5.569630095429742,5.5162470593713095,5.534041404724121,722000,0.0,0.0
5.498450419482063,5.516244757409189,5.445067405700684,5.445067405700684,248400,0.0,0.0
5.480657632889287,5.516246318817139,5.480657632889287,5.516246318817139,556400,0.0,0.0
5.534040661781066,5.534040661781066,5.516246318817139,5.516246318817139,330000,0.0,0.0
5.516245095089415,5.534039434105833,5.498450756072998,5.498450756072998,1148800,0.0,0.0
5.516247207810074,5.658601974463237,5.516247207810074,5.640807628631593,575200,0.0,0.0
5.623013282799946,5.7119850119581725,5.623013282799946,5.640807628631593,536800,0.0,0.0
5.658600448821643,5.783160836059856,5.640806107787613,5.729777812957764,1211600,0.0,0.0
5.711983833672866,5.72977817583384,5.623012122867992,5.658600807189941,308000,0.0,0.0
5.6941894915118905,5.711983833672866,5.658600807189941,5.658600807189941,884000,0.0,0.0
5.658600807189941,5.676395149350916,5.658600807189941,5.658600807189941,396800,0.0,0.0
5.658600807189941,5.6941894915118905,5.658600807189941,5.658600807189941,417600,0.0,0.0
5.658600807189941,5.711983833672866,5.658600807189941,5.658600807189941,459200,0.0,0.0
5.65860133767128,5.69419002532959,5.65860133767128,5.69419002532959,411600,0.0,0.0
5.694190666126528,5.694190666126528,5.640807628631593,5.640807628631593,371200,0.0,0.0
5.658601822193796,5.658601822193796,5.534041404724121,5.534041404724121,348000,0.0,0.0
5.551835750076932,5.551835750076932,5.534041404724121,5.534041404724121,286400,0.0,0.0
5.551835899473366,5.640807628631593,5.5340415536417185,5.640807628631593,503200,0.0,0.0
5.676393706981952,5.8009540704580465,5.658599369342512,5.783159732818604,988800,0.0,0.0
5.78316142953978,5.85433880098027,5.765367086679658,5.800955772399902,591600,0.0,0.0
5.8365439191276645,5.8365439191276645,5.765366554260254,5.765366554260254,228000,0.0,0.0
5.78316142953978,5.889927486700515,5.765367086679658,5.800955772399902,715200,0.0,0.0
5.8009552366939605,5.8009552366939605,5.765366554260254,5.765366554260254,436400,0.0,0.0
5.765366763891452,5.765366763891452,5.729778080163727,5.747572422027588,745600,0.0,0.0
5.729777812957764,5.765366495025826,5.711983471923734,5.729777812957764,184400,0.0,0.0
5.711984369158745,5.747573056817055,5.65860133767128,5.69419002532959,157200,0.0,0.0
5.694188044621393,5.818748408097488,5.676393706981952,5.783159732818604,347200,0.0,0.0
5.765366763891452,5.765366763891452,5.729778080163727,5.747572422027588,291200,0.0,0.0
5.765366554260254,5.783160895477106,5.7475722130434015,5.765366554260254,399600,0.0,0.0
5.765366464400363,5.872132510037408,5.765366464400363,5.8543381690979,856400,0.0,0.0
5.872132301330566,5.907720981944691,5.8187492804093806,5.872132301330566,483600,0.0,0.0
5.889930325123801,5.978902082300898,5.854341622252963,5.961107730865479,552000,0.0,0.0
5.943307056427003,6.228016376495361,5.943307056427003,6.228016376495361,2125200,0.0,0.0
6.263607544306468,6.299196223535482,5.961103770859848,6.014486789703369,2196400,0.0,0.0
6.014490041904106,6.067873089613315,5.943312644958496,5.943312644958496,1221600,0.0,0.0
5.943309600760298,5.943309600760298,5.729777519295856,5.836543560028076,1070400,0.0,0.0
5.800958567946704,5.996696433736317,5.800958567946704,5.961107730865479,382400,0.0,0.0
5.996693156358133,6.156842231750487,5.996693156358133,6.156842231750487,1564800,0.0,0.0
6.141132298802352,6.15898442757794,6.069723783699998,6.087575912475586,454000,0.035,0.0
6.069724638070634,6.087576769359076,5.909055456474646,5.980463981628418,577200,0.0,0.0
5.962610848156023,5.962610848156023,5.766237436989207,5.7840895652771,891600,0.0,0.0
5.819795819484827,5.926908625978411,5.766239416238032,5.891204357147218,1104800,0.0,0.0
5.891203325186202,6.034020375493747,5.87335119389776,5.980463981628418,1005200,0.0,0.0
5.980465029225205,5.998317163640803,5.891204357147218,5.891204357147218,324400,0.0,0.0
5.926909977162379,6.034022808074951,5.926909977162379,6.034022808074951,382400,0.0,0.0
6.0161682442053035,6.069724638070634,5.962611850339974,5.980463981628418,547600,0.0,0.0
5.9626120590582135,5.998316322884909,5.855499267578125,5.855499267578125,301600,0.0,0.0
5.837648320420881,5.837648320420881,5.7305355072021475,5.7305355072021475,370800,0.0,0.0
5.748384067828839,5.819792565565844,5.730531943394588,5.801940441131593,330400,0.0,0.0
5.837647953900424,5.909056491562813,5.8019436850692285,5.891204357147218,319600,0.0,0.0
5.8912016761987225,5.926905928781745,5.873349549907212,5.9090538024902335,404800,0.0,0.0
5.873348712921143,5.873348712921143,5.801940217931219,5.873348712921143,128400,0.0,0.0
5.873351074614615,5.873351074614615,5.6769776344299325,5.6769776344299325,5506000,0.0,0.0
5.748382672667503,5.748382672667503,5.7126784324646,5.7126784324646,486000,0.0,0.0
5.748387281822437,5.891204357147218,5.71268301299124,5.891204357147218,522000,0.0,0.0
5.891203531404821,5.998316322884909,5.855499267578125,5.855499267578125,698000,0.0,0.0
5.891200836668623,5.944757207911066,5.837644465426181,5.873348712921143,783200,0.0,0.0
5.8555014232206615,6.034022808074951,5.8555014232206615,6.034022808074951,1201200,0.0,0.0
6.051871007886425,6.2303922765556425,6.051871007886425,6.212540149688722,2299200,0.0,0.0
6.176832394293179,6.176832394293179,6.105423927307129,6.105423927307129,1166000,0.0,0.0
6.105427919949457,6.158984305212171,6.105427919949457,6.123280048370361,224800,0.0,0.0
6.1411329323904855,6.283949977329799,6.1411329323904855,6.248245716094972,1681600,0.0,0.0
6.248244464906873,6.266096591949463,6.2125402108216905,6.266096591949463,752800,0.0,0.0
6.2482422725720825,6.301798634908416,6.212538031014528,6.283946514129639,1233600,0.0,0.0
6.301802507588562,6.3910631663362745,6.2839503758390185,6.337506771087647,572800,0.0,0.0
6.355355922581435,6.391060169337512,6.337503799203397,6.373208045959473,989600,0.0,0.0
6.373209709074438,6.587435245513916,6.337505453001193,6.587435245513916,1104800,0.0,0.0
6.587435125983308,6.658843636834075,6.569582998270617,6.623139381408691,2793600,0.0,0.0
6.605287866248978,6.64099212498546,6.4267665725665735,6.444618701934815,1504400,0.0,0.0
6.444619304954507,6.444619304954507,6.373210780799887,6.408915042877197,582400,0.0,0.0
6.426767869429155,6.4803242683410645,6.408915736458519,6.4803242683410645,852800,0.0,0.0
6.49817389396772,6.623138776544023,6.49817389396772,6.516026020050049,2038800,0.0,0.0
6.533878146132378,6.533878146132378,6.480321767885392,6.516026020050049,448400,0.0,0.0
6.533881669295463,6.819515840630782,6.516029533587004,6.783811569213867,1711200,0.0,0.0
6.855218758854842,6.908775155408394,6.837366626670325,6.890923023223878,1822000,0.0,0.0
6.873066476186117,6.873066476186117,6.694545269012451,6.694545269012451,883200,0.0,0.0
6.712400141770277,6.748104397843523,6.587435245513916,6.587435245513916,329600,0.0,0.0
6.587437241942017,6.587437241942017,6.4267680409190415,6.498176574707031,682000,0.0,0.0
6.462473760183891,6.587438722397391,6.462473760183891,6.551734447479247,602400,0.0,0.0
6.5517311663241005,6.640991808917072,6.533879037805506,6.605287551879883,272800,0.0,0.0
6.605287551879883,6.694548194472853,6.5874354233612875,6.605287551879883,761200,0.0,0.0
6.605289591395338,6.658845993487732,6.551733189302943,6.56958532333374,665600,0.0,0.0
6.58743359256366,6.6766942103490745,6.569581469006578,6.658842086791992,314800,0.0,0.0
6.65884211808052,6.873067601772117,6.640989994439553,6.801659107208253,1328000,0.0,0.0
6.783811569213867,6.8016637049223245,6.712403026380037,6.783811569213867,286000,0.0,0.0
6.7659548281344914,6.783806951691574,6.64098996323491,6.658842086791992,770800,0.0,0.0
6.623141508836013,6.640993642283009,6.4089159074720445,6.498176574707031,1352000,0.0,0.0
6.533882705858966,6.533882705858966,6.355361320452984,6.39106559753418,1157600,0.0,0.0
6.373210780799887,6.640992746379714,6.337506518722576,6.408915042877197,1026000,0.0,0.0
6.355360935429464,6.605290859856463,6.337508797970389,6.551734447479247,1131200,0.0,0.0
6.55173280022361,6.55173280022361,6.426767869429155,6.4803242683410645,960000,0.0,0.0
6.533882310020178,6.605290859856463,6.4981780351020335,6.551734447479247,351200,0.0,0.0
6.551734447479247,6.56958658493832,6.533882310020178,6.551734447479247,354400,0.0,0.0
6.587434524379366,6.587434524379366,6.480321767885392,6.516026020050049,293200,0.0,0.0
6.533878146132378,6.533878146132378,6.480321767885392,6.516026020050049,342000,0.0,0.0
6.480319312922863,6.498171432242208,6.444615074284169,6.4624671936035165,108800,0.0,0.0
6.426767429835359,6.444619561584903,6.2839503758390185,6.337506771087647,232000,0.0,0.0
6.355357164624094,6.355357164624094,6.176835895954878,6.212540149688722,598800,0.0,0.0
6.141132298802352,6.141132298802352,6.051871654924411,6.087575912475586,688800,0.0,0.0
6.051871240139008,6.14113187789917,6.016166985034943,6.14113187789917,369200,0.0,0.0
6.105427448566142,6.266096591949463,6.105427448566142,6.266096591949463,496000,0.0,0.0
6.393610286712646,6.501065921783447,6.375701014200847,6.447338104248048,982000,0.035,0.0
6.465249191979622,6.6801605224609375,6.465249191979622,6.6801605224609375,517600,0.0,0.0
6.715981733231317,6.769709587097168,6.715981733231317,6.769709587097168,540000,0.0,0.0
6.769702524414861,6.841339588165282,6.769702524414861,6.841339588165282,1218800,0.0,0.0
6.823434399939202,6.895071506500244,6.823434399939202,6.895071506500244,938800,0.0,0.0
6.877160393486905,7.020434568351217,6.8592511216288665,6.9667067527771,1570800,0.0,0.0
7.163711450038813,7.163711450038813,6.930890827912551,6.984618663787843,2566000,0.0,0.0
7.002525940537453,7.002525940537453,6.823433205485344,6.8771610260009775,571600,0.0,0.0
6.895067385978099,6.9308859178533115,6.841339588165282,6.841339588165282,416000,0.0,0.0
6.805521056290072,6.877158120040495,6.733883992539651,6.841339588165282,665200,0.0,0.0
6.859250145057068,6.984615030214767,6.841340875748824,6.930887222290039,1181200,0.0,0.0
6.912979632308803,7.020435274261789,6.912979632308803,6.948798179626465,352800,0.0,0.0
6.930888846516608,6.930888846516608,6.859251752495767,6.8771610260009775,306000,0.0,0.0
6.823437440963018,6.823437440963018,6.751800302475218,6.769709587097168,159600,0.0,0.0
6.751797654469807,6.787616209665934,6.680160544077555,6.7159790992736825,492800,0.0,0.0
6.7517961114645,6.895070299506187,6.7338868379592896,6.8771610260009775,652400,0.0,0.0
6.930888846516608,6.966707393527031,6.859251752495767,6.8771610260009775,480000,0.0,0.0
6.89507004486363,6.930888590551232,6.841342226332223,6.859251499176025,274800,0.0,0.0
6.859251499176025,6.877160772019828,6.805523680644621,6.859251499176025,941600,0.0,0.0
6.823433370263093,6.859251918138488,6.7517962745123,6.787614822387695,463200,0.0,0.0
6.769706910161487,6.769706910161487,6.608523412300499,6.6801605224609375,534400,0.0,0.0
6.715974726602045,6.859248854102888,6.6980654606644405,6.841339588165282,349200,0.0,0.0
6.823432953488423,6.877160772019828,6.823432953488423,6.859251499176025,411200,0.0,0.0
6.877158120040495,6.966704449728522,6.823430322227678,6.841339588165282,2011200,0.0,0.0
6.8055259896842495,6.8055259896842495,6.71597959508314,6.751798152923584,536800,0.0,0.0
6.751796948148849,6.787615499597916,6.715978396699783,6.733887672424316,597200,0.0,0.0
6.7159777266369005,6.787614822387695,6.7159777266369005,6.787614822387695,53200,0.0,0.0
6.787612574623231,6.787612574623231,6.698066234588622,6.698066234588622,666000,0.0,0.0
6.698070316162919,6.823435268604469,6.6622517583224745,6.751798152923584,2315200,0.0,0.0
6.733888376871746,6.787616209665934,6.680160544077555,6.7159790992736825,584400,0.0,0.0
6.769704458848486,6.8234322720139495,6.644339561462402,6.644339561462402,498400,0.0,0.0
6.6622538793654655,6.7876188717191175,6.590616740877667,6.769709587097168,1506000,0.0,0.0
6.787616560496197,6.9308907886860895,6.787616560496197,6.9129815101623535,1599200,0.0,0.0
6.8771624113384044,6.930890242676987,6.787616025774102,6.805525302886963,734800,0.0,0.0
6.841342644200791,6.859251918138488,6.787614822387695,6.787614822387695,1171200,0.0,0.0
6.7697074318438055,6.787616710764028,6.7338888740033624,6.751798152923584,510400,0.0,0.0
6.7697062238733805,6.841343326771513,6.715978396699783,6.733887672424316,881200,0.0,0.0
6.644341967380719,6.769706910161487,6.644341967380719,6.6801605224609375,630400,0.0,0.0
6.680160363096941,6.805525302886963,6.626432531758359,6.805525302886963,925200,0.0,0.0
6.841344396067407,6.9308907886860895,6.841344396067407,6.9129815101623535,1016400,0.0,0.0
6.930888590551232,6.930888590551232,6.859251499176025,6.859251499176025,713600,0.0,0.0
6.841343279689778,7.038345311303883,6.841343279689778,7.0025267601013175,965600,0.0,0.0
7.002525836760155,7.1099814761989295,7.002525836760155,7.038344383239746,702000,0.0,0.0
7.020434568351217,7.038343840209254,6.9667067527771,6.9667067527771,662800,0.0,0.0
6.948798933297473,7.0025267601013175,6.895071106493625,7.0025267601013175,1155200,0.0,0.0
6.9488001065376475,7.092074335538424,6.9488001065376475,6.984618663787843,504000,0.0,0.0
6.966707290280563,7.0562536564795435,6.966707290280563,7.038344383239746,221600,0.0,0.0
7.0204353910503965,7.145800308747725,7.002526117093635,7.092072486877441,216000,0.0,0.0
7.056253775694128,7.181618690490723,7.0025259550670125,7.181618690490723,1125600,0.0,0.0
7.181618184859049,7.414438724517822,7.181618184859049,7.414438724517822,1054800,0.0,0.0
7.396531377847379,7.4860777625670805,7.396531377847379,7.450259208679199,804000,0.0,0.0
7.432350472997602,7.468169029493978,7.127892742778424,7.145802021026611,496000,0.0,0.0
7.109981789660813,7.2174374338370475,7.109981789660813,7.1278910636901855,547600,0.0,0.0
7.163709416948352,7.306983605287318,7.127890869863608,7.181618690490723,420400,0.0,0.0
7.163709416948352,7.217437237575464,7.145800143405981,7.181618690490723,499600,0.0,0.0
7.199528159807675,7.199528159807675,7.1278910636901855,7.1278910636901855,1249600,0.0,0.0
7.092073042001298,7.23534724487001,7.074163766642708,7.199528694152832,1530800,0.0,0.0
7.217438697814941,7.253257252146528,7.109983034820178,7.217438697814941,1174400,0.0,0.0
7.23534724487001,7.23534724487001,7.163710143435654,7.199528694152832,991600,0.0,0.0
7.181618971399741,7.253256068371309,7.181618971399741,7.235346794128418,998400,0.0,0.0
7.235346794128418,7.235346794128418,7.199528245642632,7.235346794128418,741600,0.0,0.0
7.199529420649147,7.217438697814941,7.163710866317558,7.217438697814941,255200,0.0,0.0
7.183676098116594,7.219594478607178,7.1297985273807205,7.219594478607178,414000,0.035,0.0
7.201633727220204,7.219592913572375,7.1297969818115225,7.1297969818115225,201600,0.0,0.0
7.093881977101168,7.093881977101168,6.878371638556322,6.896330833435059,370000,0.0,0.0
6.896326674216706,6.896326674216706,6.860408306121826,6.860408306121826,279600,0.0,0.0
6.896328238553778,6.9502058029174805,6.896328238553778,6.9502058029174805,585600,0.0,0.0
6.950204846733493,6.968164032383967,6.806531361529701,6.824490547180176,427200,0.0,0.0
6.78857078859883,6.78857078859883,6.591019786814207,6.680815696716309,602000,0.0,0.0
6.716734910748667,6.96816349029541,6.698775726495329,6.96816349029541,1035200,0.0,0.0
6.950205118289822,7.183674540868035,6.950205118289822,7.1297969818115225,515200,0.0,0.0
7.1657144625981655,7.2016328308317386,7.111836910247803,7.111836910247803,234800,0.0,0.0
7.1297985273807205,7.273472049343053,7.1297985273807205,7.219594478607178,1843200,0.0,0.0
7.291432781360072,7.309391975402832,7.255514393274557,7.309391975402832,2002400,0.0,0.0
7.3093900918960575,7.3093900918960575,7.165716576576233,7.183675765991211,1008000,0.0,0.0
7.147758409791722,7.183676793760524,7.129799217807322,7.165717601776122,116400,0.0,0.0
7.183675765991211,7.201634955406189,7.165716576576233,7.183675765991211,624800,0.0,0.0
7.183674540868035,7.201633727220204,7.111837795459354,7.1297969818115225,405200,0.0,0.0
7.093878609107184,7.1297969818115225,7.075919422755012,7.1297969818115225,316400,0.0,0.0
7.129796094364591,7.147755278481378,7.093877726131016,7.111836910247803,439600,0.0,0.0
7.093881683301199,7.11184087743614,7.05796329503132,7.07592248916626,528800,0.0,0.0
7.040000227308765,7.040000227308765,6.950204306042072,6.96816349029541,692800,0.0,0.0
6.968164991038713,6.968164991038713,6.932246614796248,6.9502058029174805,299200,0.0,0.0
6.932246755624746,6.95020594411082,6.860410001680447,6.914287567138673,285600,0.0,0.0
6.914286271087805,6.98612301156664,6.86040871572868,6.878367900848389,911600,0.0,0.0
6.914285858264144,6.932245042311584,6.860408306121826,6.860408306121826,426400,0.0,0.0
6.896327566593251,6.896327566593251,6.716735702879884,6.752654075622559,702000,0.0,0.0
6.752654078207041,6.752654078207041,6.60898058718136,6.62693977355957,1471600,0.0,0.0
6.591021543078952,6.626939916610718,6.447348048951891,6.4653072357177725,749200,0.0,0.0
6.4473508082645035,6.4473508082645035,6.160003697032661,6.375514030456543,612400,0.0,0.0
6.357550335745526,6.465305426181892,6.267754427048557,6.303672790527344,669200,0.0,0.0
6.35755609874883,6.537148078939475,6.35755609874883,6.51918888092041,1111600,0.0,0.0
6.537143982781304,6.57306235631307,6.4653072357177725,6.4653072357177725,621200,0.0,0.0
6.465310504715839,6.608984071487303,6.447351308869406,6.591024875640869,288400,0.0,0.0
6.591022155709464,6.626940532579813,6.555103778839111,6.555103778839111,86400,0.0,0.0
6.591024617243079,6.608983812385431,6.429391860961914,6.429391860961914,402400,0.0,0.0
6.447348048951891,6.4653072357177725,6.429388862186007,6.4653072357177725,520000,0.0,0.0
6.465303779306991,6.519181310801216,6.465303779306991,6.501222133636475,339600,0.0,0.0
6.465306691515808,6.5191842472784405,6.4473475062615995,6.48326587677002,381200,0.0,0.0
6.4653082362941054,6.573063373565674,6.4653082362941054,6.573063373565674,244400,0.0,0.0
6.591021543078952,6.591021543078952,6.339592928356595,6.4653072357177725,734400,0.0,0.0
6.42938893087063,6.501225678701585,6.42938893087063,6.447348117828369,678400,0.0,0.0
6.465310251246617,6.519187836673673,6.429391860961914,6.429391860961914,507600,0.0,0.0
6.465308378030965,6.555104327725839,6.429389998153017,6.537145137786865,482000,0.0,0.0
6.519185804929888,6.626940942201457,6.519185804929888,6.573063373565674,304800,0.0,0.0
6.591020596856103,6.716734886169434,6.591020596856103,6.716734886169434,576400,0.0,0.0
6.734696054586457,6.734696054586457,6.662859296670868,6.698777675628662,370000,0.0,0.0
6.662858963012695,6.698777340171794,6.626940585853598,6.662858963012695,318800,0.0,0.0
6.644897332755469,6.698774878696729,6.644897332755469,6.680815696716309,303600,0.0,0.0
6.680818847987963,6.680818847987963,6.57306370527848,6.6089820861816415,512400,0.0,0.0
6.6269410874817405,6.662859467359691,6.519185947847889,6.537145137786865,749200,0.0,0.0
6.573063373565674,6.573063373565674,6.447349046748843,6.573063373565674,427600,0.0,0.0
6.537142240872947,6.680815696716309,6.537142240872947,6.680815696716309,295200,0.0,0.0
6.644900131746719,6.644900131746719,6.555104184020412,6.573063373565674,283200,0.0,0.0
6.555106226958376,6.591024617243079,6.429391860961914,6.429391860961914,352400,0.0,0.0
6.429391029902867,6.429391029902867,6.177962330409459,6.285717487335205,968800,0.0,0.0
6.249796799055827,6.3395927300767445,6.249796799055827,6.26775598526001,2292000,0.0,0.0
6.267755643091558,6.267755643091558,6.16000053174901,6.231837272644043,3861200,0.0,0.0
6.249796031850629,6.249796031850629,6.034285823855781,6.088163375854492,4066800,0.0,0.0
6.088163375854492,6.142040927853204,6.034285823855781,6.088163375854492,1376800,0.0,0.0
6.070204937013992,6.26775598526001,6.070204937013992,6.26775598526001,1102000,0.0,0.0
6.321632385253906,6.411428299817172,6.303673202341253,6.321632385253906,824800,0.0,0.0
6.375507893483283,6.537140487965957,6.375507893483283,6.501222133636475,647600,0.0,0.0
6.501228313767508,6.573065090715216,6.393473148345947,6.393473148345947,348800,0.0,0.0
6.41142788096371,6.41142788096371,6.28571360878795,6.303672790527344,112400,0.0,0.0
6.34187166455766,6.4139383880185425,6.323854983692439,6.39592170715332,914400,0.035,0.0
6.395917746980312,6.395917746980312,6.3598844075607035,6.377901077270508,305200,0.0,0.0
6.4139392629016045,6.467989312869878,6.4139392629016045,6.449972629547119,347200,0.0,0.0
6.431956636808224,6.648156859894215,6.431956636808224,6.612123489379883,317200,0.0,0.0
6.64815258214818,6.75625262413433,6.6301359084838225,6.738235950469972,862800,0.0,0.0
6.7022044310698625,6.7022044310698625,6.64815439533543,6.666171073913574,1036400,0.0,0.0
6.702201843261719,6.720218514883389,6.684185171640048,6.702201843261719,425600,0.0,0.0
6.6661675135294605,6.774267527262371,6.648150844573975,6.756250858306885,404000,0.0,0.0
6.720221726399548,6.738238406631182,6.612121645009742,6.684188365936278,297600,0.0,0.0
6.684185171640048,6.720218514883389,6.684185171640048,6.702201843261719,576000,0.0,0.0
6.720217520395916,6.81030086517334,6.70220085144043,6.756250858306885,348000,0.0,0.0
6.720221726399548,6.738238406631182,6.666171685704645,6.684188365936278,151200,0.0,0.0
6.720217520395916,6.81030086517334,6.720217520395916,6.756250858306885,142000,0.0,0.0
6.792285536217878,6.864352226257324,6.738235518688293,6.864352226257324,366800,0.0,0.0
6.86435660104903,6.882373285041284,6.792289865080012,6.8103065490722665,488400,0.0,0.0
6.774269297798687,6.810302645127404,6.666169255812537,6.738235950469972,674400,0.0,0.0
6.684187685836098,6.7382377210315365,6.6301376506406555,6.7202210426330575,200400,0.0,0.0
6.7562544668042985,6.7562544668042985,6.666171073913574,6.666171073913574,104400,0.0,0.0
6.6301388164142985,6.666172179546987,6.540055408582583,6.558072090148926,192800,0.0,0.0
6.522038727016238,6.558072090148926,6.431955319184524,6.558072090148926,334000,0.0,0.0
6.57608514191002,6.7382351865050625,6.57608514191002,6.702201843261719,469200,0.0,0.0
6.702203672865162,6.702203672865162,6.630136966705322,6.630136966705322,403600,0.0,0.0
6.5760863528532125,6.5760863528532125,6.431952953338622,6.431952953338622,393200,0.0,0.0
6.377901409570623,6.413934750867632,6.269801385679597,6.359884738922119,250000,0.0,0.0
6.395918748385358,6.5580688011613235,6.359885403324032,6.504018783569336,656400,0.0,0.0
6.4860032594303565,6.630136665195477,6.467986583709718,6.467986583709718,569200,0.0,0.0
6.431951086399919,6.449967756109723,6.377901077270508,6.377901077270508,1274000,0.0,0.0
6.395922579578848,6.504022679515392,6.359889212933331,6.449972629547119,977600,0.0,0.0
6.431953843434652,6.540053908030193,6.431953843434652,6.486003875732423,688000,0.0,0.0
6.522040063094053,6.612123489379883,6.522040063094053,6.612123489379883,947600,0.0,0.0
6.612123489379883,6.630140174637048,6.576090118865551,6.612123489379883,796000,0.0,0.0
6.594104359600996,6.684187752491718,6.594104359600996,6.666171073913574,170400,0.0,0.0
6.684186715245898,6.684186715245898,6.576086660551893,6.5941033363342285,161600,0.0,0.0
6.576087681022852,6.666171073913574,6.558071002444706,6.666171073913574,296800,0.0,0.0
6.684187685836098,6.7202210426330575,6.6121209722421765,6.7202210426330575,688800,0.0,0.0
6.702201843261719,6.702201843261719,6.666168500018379,6.702201843261719,771600,0.0,0.0
6.684187088918559,6.828320503234862,6.684187088918559,6.828320503234862,195600,0.0,0.0
6.7382361252270435,6.9364195406748985,6.7382361252270435,6.882369518280028,359600,0.0,0.0
6.882369627343848,6.9184029761781085,6.756252906423933,6.7742695808410645,146400,0.0,0.0
6.774267527262371,6.792284196217855,6.720217520395916,6.756250858306885,418400,0.0,0.0
6.7382341893514,6.756250858306885,6.6841841824849455,6.756250858306885,463200,0.0,0.0
6.756252191198153,6.864352226257324,6.756252191198153,6.864352226257324,363600,0.0,0.0
6.864352226257324,6.8823688987671865,6.792285536217878,6.864352226257324,618400,0.0,0.0
6.846335887908936,6.882369234687404,6.828319214519702,6.846335887908936,262000,0.0,0.0
6.828320503234862,6.846337180024401,6.810303826445326,6.828320503234862,216400,0.0,0.0
6.846336901029796,6.846336901029796,6.7922868728637695,6.7922868728637695,255200,0.0,0.0
6.8103065490722665,6.828323233064522,6.774273181087756,6.8103065490722665,180400,0.0,0.0
6.828319214519702,6.86435256129817,6.810302541130468,6.846335887908936,187600,0.0,0.0
6.846337180024401,6.882370533603478,6.828320503234862,6.828320503234862,494800,0.0,0.0
6.828319214519702,6.846335887908936,6.792285867741232,6.846335887908936,438000,0.0,0.0
6.846339917056775,6.846339917056775,6.792289865080012,6.8103065490722665,139600,0.0,0.0
6.8283196040924565,6.8283196040924565,6.7742695808410645,6.7742695808410645,332000,0.0,0.0
6.864352844148407,6.918402866543277,6.82831949588516,6.882369518280028,276800,0.0,0.0
6.900386013449196,6.900386013449196,6.702202603141254,6.738235950469972,1864000,0.0,0.0
6.774270196808428,6.810303548919111,6.720220168642404,6.7922868728637695,888000,0.0,0.0
6.792284196217855,6.81030086517334,6.756250858306885,6.756250858306885,616400,0.0,0.0
6.756254399430017,6.774271077828497,6.7202210426330575,6.7202210426330575,778400,0.0,0.0
6.756256497095503,6.828323233064522,6.756256497095503,6.8103065490722665,545600,0.0,0.0
6.792286255258196,6.810302929675325,6.738236232006804,6.7742695808410645,230400,0.0,0.0
6.810303385664778,6.810303385664778,6.630136629430258,6.648153305053711,2119600,0.0,0.0
6.612120012116562,6.648153363681231,6.55806998476956,6.5941033363342285,1916000,0.0,0.0
6.59410628011404,6.59410628011404,6.522039544812246,6.540056228637695,235600,0.0,0.0
6.540053908030193,6.540053908030193,6.449970520867241,6.486003875732423,430400,0.0,0.0
6.506244595311268,6.506244595311268,6.307442677121202,6.452025890350343,3421600,0.035,0.0
6.4520289231945025,6.614685114535539,6.4520289231945025,6.470101833343506,1276000,0.0,0.0
6.48817474349251,6.542393473939523,6.4520289231945025,6.470101833343506,828400,0.0,0.0
6.470101833343506,6.5062476536415135,6.4520289231945025,6.470101833343506,790000,0.0,0.0
6.470101833343506,6.48817474349251,6.4520289231945025,6.470101833343506,771600,0.0,0.0
6.48817253112793,6.542391243087216,6.48817253112793,6.48817253112793,1448400,0.0,0.0
6.488174222220838,6.488174222220838,6.397809678735868,6.415882587432861,628000,0.0,0.0
6.433955496129855,6.470101313523843,6.379736770038872,6.415882587432861,782000,0.0,0.0
6.361660480499268,6.397806278683922,6.325514682314613,6.361660480499268,1096800,0.0,0.0
6.361663469587055,6.397809284755162,6.289371839250838,6.325517654418945,547200,0.0,0.0
6.361663469587055,6.379736377171107,6.307444746834892,6.325517654418945,863200,0.0,0.0
6.289371839250838,6.325517654418945,6.271298931666782,6.325517654418945,1462000,0.0,0.0
6.307443141937256,6.307443141937256,6.2351515299952815,6.307443141937256,1049600,0.0,0.0
6.3074419353319255,6.3074419353319255,6.217077437691067,6.235150337219237,436000,0.0,0.0
6.271295804243821,6.379733195671668,6.253222905672513,6.343587398529053,423200,0.0,0.0
6.379737282598486,6.470101833343506,6.379737282598486,6.470101833343506,882400,0.0,0.0
6.542391901546054,6.542391901546054,6.488173184129927,6.506246089935303,1443200,0.0,0.0
6.506244595311268,6.506244595311268,6.433952988696699,6.452025890350343,292800,0.0,0.0
6.452028100410204,6.488173916098777,6.433955192565918,6.433955192565918,143200,0.0,0.0
6.41587917777625,6.41587917777625,6.343587581406942,6.361660480499268,410800,0.0,0.0
6.361661669851719,6.3978074747940585,6.27129715749587,6.289370059967041,898000,0.0,0.0
6.307441750238107,6.361660447231559,6.2170772552490225,6.2170772552490225,776000,0.0,0.0
6.18093085933376,6.18093085933376,5.945983195090079,6.018274784088135,974800,0.0,0.0
6.036347389221191,6.108638974720846,6.036347389221191,6.036347389221191,1117600,0.0,0.0
6.180931998261113,6.3255152028988,6.162859097681402,6.271296501159668,3174000,0.0,0.0
6.2712959850376295,6.379733379591595,6.2712959850376295,6.361660480499268,738000,0.0,0.0
6.361661669851719,6.415880377265228,6.27129715749587,6.289370059967041,748000,0.0,0.0
6.289368702815128,6.379733195671668,6.289368702815128,6.343587398529053,564800,0.0,0.0
6.343587581406942,6.361660480499268,6.325514682314613,6.361660480499268,498800,0.0,0.0
6.361661004058223,6.361661004058223,6.235150700000245,6.271296501159668,437600,0.0,0.0
6.25322383068741,6.27129673193217,6.14478642321884,6.199005126953125,765600,0.0,0.0
6.235152011043517,6.235152011043517,6.16286039352417,6.16286039352417,501600,0.0,0.0
6.180932159984812,6.217077962089987,6.144786357879639,6.144786357879639,291600,0.0,0.0
6.180932225708362,6.217078028197888,6.12671352197408,6.199005126953125,2504400,0.0,0.0
6.2532260240827275,6.379736377171107,6.235153116498674,6.325517654418945,1792000,0.0,0.0
6.524320167499584,6.614684712755811,6.452028531294602,6.57853889465332,1778400,0.0,0.0
6.614683151245117,6.632756056029941,6.524318627321004,6.614683151245117,1039200,0.0,0.0
6.632756056029941,6.650828960814762,6.5604644368906495,6.614683151245117,549200,0.0,0.0
6.57853645490114,6.686973868992918,6.57853645490114,6.668900966644287,763200,0.0,0.0
6.668901204409663,6.668901204409663,6.542390883458804,6.596609592437744,352400,0.0,0.0
6.596610618962183,6.614683524767558,6.4158815609084225,6.506246089935303,857200,0.0,0.0
6.488173184129927,6.542391901546054,6.488173184129927,6.506246089935303,451600,0.0,0.0
6.5243183391007875,6.5243183391007875,6.433953819168643,6.48817253112793,195600,0.0,0.0
6.47010100825449,6.542392639631635,6.397809376877345,6.433955192565918,522000,0.0,0.0
6.4339517804110695,6.4339517804110695,6.325514390853579,6.379733085632324,310000,0.0,0.0
6.397806278683922,6.41587917777625,6.361660480499268,6.361660480499268,454000,0.0,0.0
6.379733085632324,6.397805983891907,6.343587289113161,6.379733085632324,571200,0.0,0.0
6.361662203222928,6.5785370510600725,6.361662203222928,6.48817253112793,382400,0.0,0.0
6.488174349397093,6.596611803704565,6.470101440345847,6.57853889465332,815200,0.0,0.0
6.596610246460295,6.668901865599586,6.596610246460295,6.614683151245117,698000,0.0,0.0
6.596612204386535,6.596612204386535,6.470101833343506,6.470101833343506,621600,0.0,0.0
6.452024863938153,6.4700977627166925,6.3255145724883866,6.397806167602539,688800,0.0,0.0
6.3616618508937375,6.3616618508937375,6.289370238951763,6.307443141937256,386800,0.0,0.0
6.289369219300375,6.3074421193558345,6.253223419189452,6.253223419189452,485600,0.0,0.0
6.253223419189452,6.2712963192449145,6.162858918912148,6.253223419189452,980000,0.0,0.0
6.289370238951763,6.3255160449227485,6.253224432980776,6.307443141937256,193200,0.0,0.0
6.307444837655914,6.506246823943063,6.307444837655914,6.433955192565918,401600,0.0,0.0
6.4520249759609065,6.4700978750532325,6.361660480499268,6.361660480499268,98800,0.0,0.0
6.379733195671668,6.379733195671668,6.307441601386437,6.343587398529053,494800,0.0,0.0
6.361663469587055,6.379736377171107,6.289371839250838,6.325517654418945,279600,0.0,0.0
6.361661004058223,6.361661004058223,6.235150700000245,6.271296501159668,936800,0.0,0.0
6.289368851240291,6.343587548233743,6.199004356251208,6.2170772552490225,491600,0.0,0.0
6.162858558255572,6.253223053244658,6.162858558255572,6.2170772552490225,506800,0.0,0.0
6.235150337219237,6.25322323674741,6.199004538162894,6.235150337219237,464800,0.0,0.0
6.235150700000245,6.343588103478512,6.217077799420536,6.271296501159668,595200,0.0,0.0
6.220518664309854,6.220518664309854,6.1661117955258025,6.202383041381836,529200,0.0375,0.0
6.202381872094196,6.256788730621338,6.202381872094196,6.256788730621338,94400,0.0,0.0
6.256789910165888,6.2749255330939055,6.1661117955258025,6.202383041381836,275600,0.0,0.0
6.238654613494872,6.27492586124775,6.2205189896184345,6.238654613494872,467600,0.0,0.0
6.293057506484102,6.3293287313053375,6.25678628166287,6.274921894073486,538800,0.0,0.0
6.293058946772662,6.311194563333968,6.1479740142822275,6.1479740142822275,965200,0.0,0.0
6.111705702437452,6.166112578126807,6.111705702437452,6.129841327667236,344000,0.0,0.0
6.129839277267456,6.220517373085022,6.129839277267456,6.166110515594482,458800,0.0,0.0
6.18424518258722,6.18424518258722,6.0210246352462065,6.0391602516174325,527600,0.0,0.0
6.0391607988311575,6.057296416845666,6.02102518081665,6.02102518081665,299600,0.0,0.0
6.002893632410481,6.002893632410481,5.839672959625906,5.857808589935303,553200,0.0,0.0
5.857805163147365,5.857805163147365,5.585770867645166,5.6401777267456055,3180800,0.0,0.0
5.640177179605532,5.676448415487242,5.640177179605532,5.658312797546388,684800,0.0,0.0
5.694586213132673,5.821535587310791,5.6583149633674985,5.821535587310791,904000,0.0,0.0
5.839670213257394,6.0210264310604185,5.839670213257394,5.948483943939209,1219600,0.0,0.0
5.912211993955218,5.948483233181936,5.76712703704834,5.76712703704834,663800,0.0,2.0
5.912212333083152,5.948483574390411,5.767127367854117,5.803398609161378,699200,0.0,0.0
5.8759403228759775,5.91221155943694,5.803397849754052,5.8759403228759775,476400,0.0,0.0
5.839669515501778,5.984754472408655,5.73085579782162,5.76712703704834,724200,0.0,0.0
5.803397764642553,6.02102518081665,5.803397764642553,6.02102518081665,1653800,0.0,0.0
5.8396683437809065,5.8759395757298565,5.549498488189308,5.694583415985107,3744600,0.0,0.0
5.83966900067157,6.02102518081665,5.767126528613539,6.02102518081665,1394800,0.0,0.0
5.948482795997903,6.0210252691198285,5.839669086315014,5.8759403228759775,327600,0.0,0.0
5.8759406563694485,5.948483133608577,5.839669417749884,5.912211894989014,374400,0.0,0.0
5.9122127003786025,5.984755187499814,5.875941456817999,5.948483943939209,708600,0.0,0.0
5.948483085632324,6.166110515594482,5.948483085632324,6.166110515594482,1149000,0.0,0.0
6.093567742241754,6.16611021536368,5.839669086315014,5.8759403228759775,1355800,0.0,0.0
5.839669086315014,5.9847540325588655,5.839669086315014,5.8759403228759775,887600,0.0,0.0
5.912210869931888,6.057295799255371,5.875939637601019,6.057295799255371,1015000,0.0,0.0
5.984753131866455,6.202380518479782,5.984753131866455,5.984753131866455,1373000,0.0,0.0
5.948482795997903,5.948482795997903,5.803397849754052,5.8759403228759775,368200,0.0,0.0
5.912211894989014,5.984754372228142,5.8759406563694485,5.912211894989014,671400,0.0,0.0
5.9122127003786025,5.948483943939209,5.9122127003786025,5.948483943939209,542000,0.0,0.0
5.948481900764233,6.0935668251731165,5.948481900764233,5.984753131866455,706400,0.0,0.0
5.948485075369389,6.166112578126807,5.948485075369389,6.129841327667236,525200,0.0,0.0
6.166110788838247,6.492551948247331,6.166110788838247,6.456280708312987,626800,0.0,0.0
6.492553367614746,6.492553367614746,6.202383384704588,6.347468376159668,499400,0.0,0.0
6.347468356753505,6.347468356753505,6.202383365741996,6.238654613494872,212800,0.0,0.0
6.23865428723787,6.23865428723787,6.129840549669767,6.202383041381836,257800,0.0,0.0
6.129839277267456,6.202381753921509,6.09356803894043,6.166110515594482,339400,0.0,0.0
6.093569303813733,6.23865428723787,6.057298057957699,6.202383041381836,697400,0.0,0.0
6.23865428723787,6.2749255330939055,6.1661117955258025,6.202383041381836,278200,0.0,0.0
6.202383365741996,6.347468356753505,6.202383365741996,6.238654613494872,484800,0.0,0.0
6.2386550790459445,6.274926329505514,6.129841327667236,6.129841327667236,700400,0.0,0.0
6.166110515594482,6.274924230575563,6.09356803894043,6.166110515594482,460200,0.0,0.0
6.202383828586375,6.2386550790459445,6.0935700772076675,6.129841327667236,722200,0.0,0.0
6.093569278717041,6.166111770130339,6.057298033010392,6.093569278717041,680600,0.0,0.0
6.057294545146082,6.274921894073486,6.057294545146082,6.274921894073486,1195600,0.0,0.0
6.27492586124775,6.347468356753505,6.166112117989119,6.238654613494872,514400,0.0,0.0
6.274921894073486,6.383735568537188,6.2386506692522525,6.274921894073486,1562400,0.0,0.0
6.31119311889472,6.347464343715954,6.274921894073486,6.274921894073486,426200,0.0,0.0
6.347468376159668,6.347468376159668,6.274925880432129,6.347468376159668,493200,0.0,0.0
6.347467602983032,6.492552576765503,6.311196359537416,6.420010089874268,691000,0.0,0.0
6.420006793358422,6.637634142285826,6.2386506692522525,6.274921894073486,697800,0.0,0.0
6.347467090891695,6.3837383314110765,6.274924609852933,6.3111958503723145,867200,0.0,0.0
6.383738040924072,6.4562805186618455,6.347466802055185,6.383738040924072,584400,0.0,0.0
6.383738846428651,6.492552576765503,6.383738846428651,6.420010089874268,930800,0.0,0.0
6.420009279792959,6.4562805186618455,6.383738040924072,6.383738040924072,1174400,0.0,0.0
6.420009571930457,6.420009571930457,6.3111958503723145,6.3111958503723145,982000,0.0,0.0
6.347467602983032,6.456281333319884,6.347467602983032,6.420010089874268,419600,0.0,0.0
6.420010089874268,6.420010089874268,6.347467602983032,6.420010089874268,270200,0.0,0.0
6.441845841170673,6.660213496803579,6.441845841170673,6.587424278259277,823200,0.0375,0.0
6.6238192746983495,6.8421869430949975,6.6238192746983495,6.8057923316955575,1216400,0.0,0.0
6.733004570007324,6.769399189304661,6.66021533141265,6.733004570007324,677000,0.0,0.0
6.6966085126323085,6.769397735595702,6.6966085126323085,6.769397735595702,917800,0.0,0.0
6.733002135628149,6.914975166320801,6.733002135628149,6.914975166320801,1123400,0.0,0.0
6.87858155449444,6.87858155449444,6.8057923316955575,6.8057923316955575,802400,0.0,0.0
6.769399189304661,6.769399189304661,6.696609950709988,6.733004570007324,978000,0.0,0.0
6.769397735595702,6.769397735595702,6.6966085126323085,6.769397735595702,661400,0.0,0.0
6.733003634473553,6.733003634473553,6.660214405992758,6.696609020233153,1375800,0.0,0.0
6.73300172461838,6.73300172461838,6.623817912867812,6.660212516784668,879000,0.0,0.0
6.623817912867812,6.660212516784668,6.478239497200388,6.660212516784668,661400,0.0,0.0
6.696607529489618,6.914975166320801,6.6238183172125575,6.914975166320801,259400,0.0,0.0
6.842189758542983,6.9149790112934415,6.842189758542983,6.878584384918213,305800,0.0,0.0
6.842186958559099,6.842186958559099,6.769397735595702,6.769397735595702,467000,0.0,0.0
6.769397720296116,6.8421869430949975,6.696608497497232,6.8057923316955575,526600,0.0,0.0
6.878581570040796,6.878581570040796,6.6966085126323085,6.769397735595702,721800,0.0,0.0
6.6966085126323085,6.805792347077402,6.6966085126323085,6.769397735595702,1457000,0.0,0.0
6.769399189304661,6.769399189304661,6.696609950709988,6.733004570007324,455000,0.0,0.0
6.696609950709988,6.733004570007324,6.66021533141265,6.733004570007324,497400,0.0,0.0
6.587424278259277,6.696608106075731,6.587424278259277,6.587424278259277,629200,0.0,0.0
6.587422853045994,6.623817454444038,6.551028251647949,6.551028251647949,433800,0.0,0.0
6.6238194154889385,6.6238194154889385,6.478240966796875,6.478240966796875,738200,0.0,0.0
6.4782413702744694,6.623819828033447,6.441846755834726,6.623819828033447,640000,0.0,0.0
6.660213886097791,6.8421869430949975,6.6238192746983495,6.8057923316955575,1407200,0.0,0.0
6.805795132167756,6.878584384918213,6.733005879417298,6.878584384918213,382800,0.0,0.0
6.878577247340018,7.133339367611869,6.878577247340018,6.951366424560548,1233200,0.0,0.0
7.024163246154785,7.133347130810042,7.024163246154785,7.024163246154785,459600,0.0,0.0
7.060554611491648,7.060554611491648,6.8057923316955575,6.8057923316955575,209400,0.0,0.0
6.842183589935303,6.878578183498789,6.805788996371818,6.842183589935303,247200,0.0,0.0
6.805792257189751,6.987765312194824,6.6966084241867065,6.987765312194824,519400,0.0,0.0
6.951366424560548,7.06055019039134,6.914971835950283,6.951366424560548,374400,0.0,0.0
6.987764378597863,6.987764378597863,6.84218595404374,6.914975166320801,143600,0.0,0.0
6.914972777062273,6.95136737062576,6.842183589935303,6.842183589935303,232200,0.0,0.0
6.87858155449444,6.87858155449444,6.769397720296116,6.8057923316955575,518800,0.0,0.0
6.732999809244846,6.842183589935303,6.623816028554388,6.842183589935303,371400,0.0,0.0
6.8057923316955575,6.8421869430949975,6.733003108896674,6.8057923316955575,610800,0.0,0.0
6.805792257189751,7.060554534196854,6.805792257189751,6.987765312194824,8820600,0.0,0.0
7.0241598645035115,7.242527528684968,7.0241598645035115,7.133343696594237,2545600,0.0,0.0
7.133343756198883,7.169738367199898,6.987765312194824,6.987765312194824,2472400,0.0,0.0
6.987768617936367,7.0605578743732025,6.987768617936367,7.024163246154785,1174800,0.0,0.0
7.024159923195839,7.060554534196854,6.987765312194824,6.987765312194824,852000,0.0,0.0
7.024160842305608,7.0969500738320885,6.987766226542366,7.060555458068848,688200,0.0,0.0
7.0605578743732025,7.0605578743732025,6.987768617936367,7.024163246154785,1166400,0.0,0.0
7.024159923195839,7.060554534196854,6.987765312194824,6.987765312194824,668000,0.0,0.0
7.024161230434071,7.2425289370796895,6.987766612659801,7.20613431930542,1122200,0.0,0.0
7.13334368207128,7.242527513939718,7.13334368207128,7.169738292694093,813600,0.0,0.0
7.169738735984918,7.278922574603977,7.169738735984918,7.242527961730957,691000,0.0,0.0
7.242527895960316,7.388106346130371,7.242527895960316,7.388106346130371,1194800,0.0,0.0
7.351710796356201,7.388105404258955,7.278921580550693,7.351710796356201,1050000,0.0,0.0
7.351711766636788,7.3881063793429105,7.242527928518418,7.315317153930664,2262000,0.0,0.0
7.351712790402499,7.351712790402499,7.16973970153115,7.20613431930542,2101200,0.0,0.0
7.242527961730957,7.278922574603977,7.169738735984918,7.242527961730957,914400,0.0,0.0
7.206133315812296,7.315317153930664,7.206133315812296,7.315317153930664,345200,0.0,0.0
7.315316188453448,7.388105404258955,7.278921580550693,7.351710796356201,610800,0.0,0.0
7.315314755720251,7.424498558044434,7.2789201549455225,7.424498558044434,655600,0.0,0.0
7.388103957269705,7.497287759593888,7.351709356494977,7.424498558044434,1320000,0.0,0.0
7.3517121527958835,7.533685225884891,7.3517121527958835,7.49729061126709,920000,0.0,0.0
7.4608950067365,7.679262665470251,7.4608950067365,7.606473445892334,937800,0.0,0.0
7.606473875495622,7.715657711029053,7.497290039962193,7.715657711029053,1712400,0.0,0.0
7.7156582989738975,7.7520529135917,7.4608959966492865,7.49729061126709,1734400,0.0,0.0
7.460895604755153,7.497290217461277,7.27892254122454,7.315317153930664,608800,0.0,0.0
7.2425289370796895,7.351712790402499,7.133345083756881,7.20613431930542,979400,0.0,0.0
7.242528893947601,7.460896599292755,7.206134276390076,7.278923511505128,1162600,0.0,0.0
7.242528893947601,7.388107364177704,7.206134276390076,7.278923511505128,1460200,0.0,0.0
7.300825021704849,7.337329146813373,7.154808521270753,7.154808521270753,625200,0.0375,0.0
7.154808521270753,7.264320896596326,7.1183043961622285,7.154808521270753,1402200,0.0,0.0
7.154808616638183,7.154808616638183,6.862775611877443,6.935783863067628,2318600,0.0,0.0
6.570743633353193,6.789768421131632,6.497735370760378,6.7167601585388175,5414600,0.0,0.0
6.716760430284727,6.826272828604585,6.716760430284727,6.789768695831299,1582600,0.0,0.0
6.753264289835224,6.753264289835224,6.6437518959460045,6.7167601585388175,2886000,0.0,0.0
6.71676097932409,6.71676097932409,6.607248572052503,6.680256843566895,1270400,0.0,0.0
6.643748615564925,6.643748615564925,6.4612280492032514,6.497732162475586,1796400,0.0,0.0
6.461230134422129,6.4977342594753615,6.4247260093688965,6.4247260093688965,2309400,0.0,0.0
6.461230134422129,6.461230134422129,6.3152136342092,6.4247260093688965,1255400,0.0,0.0
6.351717759262431,6.461230134422129,6.351717759262431,6.4247260093688965,598800,0.0,0.0
6.388222270233687,6.388222270233687,6.242205761199774,6.278709888458253,791200,0.0,0.0
6.278707482841577,6.497732162475586,6.278707482841577,6.497732162475586,584800,0.0,0.0
6.570742130279541,6.607246253225537,6.534238007333543,6.570742130279541,1024400,0.0,0.0
6.607247965676444,6.716760362897601,6.607247965676444,6.643752098083496,1818400,0.0,0.0
6.643752098083496,6.643752098083496,6.607247965676444,6.643752098083496,1099800,0.0,0.0
6.643750376171536,6.680254499117532,6.570742130279541,6.570742130279541,1256600,0.0,0.0
6.534238384528594,6.534238384528594,6.278709509155967,6.4247260093688965,3450000,0.0,0.0
6.461230134422129,6.4977342594753615,6.4247260093688965,6.4247260093688965,1711800,0.0,0.0
6.497733884387546,6.680254499117532,6.4612297614415475,6.570742130279541,2326400,0.0,0.0
6.643750904715635,6.86277565981615,6.607246778865548,6.8262715339660645,2682800,0.0,0.0
6.8627705898584495,7.0452910842695795,6.826266490976224,6.972282886505128,974200,0.0,0.0
6.972289359697733,6.972289359697733,6.789768695831299,6.789768695831299,660600,0.0,0.0
6.753264563058012,6.826272828604585,6.68025629751144,6.789768695831299,1765400,0.0,0.0
6.82627255242804,6.82627255242804,6.607247764649599,6.7167601585388175,2575600,0.0,0.0
6.716760362897601,6.716760362897601,6.570743833269392,6.643752098083496,1009000,0.0,0.0
6.6072480319648665,6.826272828604585,6.6072480319648665,6.789768695831299,1067200,0.0,0.0
6.716759739659767,6.716759739659767,6.607247352600098,6.607247352600098,353200,0.0,0.0
6.570743223580207,6.716759739659767,6.570743223580207,6.607247352600098,993200,0.0,0.0
6.6437518959460045,6.753264289835224,6.570743633353193,6.7167601585388175,914400,0.0,0.0
6.753262484327276,6.899278970474893,6.753262484327276,6.862774848937987,898200,0.0,0.0
6.9722897716300185,6.9722897716300185,6.789769096980018,6.89928150177002,1423600,0.0,0.0
6.89928150177002,6.935785636700019,6.826273231910019,6.89928150177002,1439400,0.0,0.0
6.899282025549697,7.081802714056303,6.899282025549697,7.0452985763549805,590200,0.0,0.0
7.0452985763549805,7.0452985763549805,6.9357861632510165,7.0452985763549805,1214400,0.0,0.0
6.935783863067628,7.008792114257813,6.899279737472535,6.935783863067628,608400,0.0,0.0
6.935778787622901,7.008786985387353,6.8627705898584495,6.972282886505128,1117000,0.0,0.0
7.008791335085605,7.008791335085605,6.862774848937987,6.862774848937987,798800,0.0,0.0
6.862776961377873,6.862776961377873,6.716760430284727,6.789768695831299,841600,0.0,0.0
6.78976660586418,6.935783092011796,6.78976660586418,6.862774848937987,673000,0.0,0.0
6.862775113847519,6.862775113847519,6.570742130279541,6.570742130279541,1573400,0.0,0.0
6.6437518959460045,6.789768421131632,6.607247764649599,6.7167601585388175,939600,0.0,0.0
6.6802562304905475,6.716760362897601,6.643752098083496,6.643752098083496,617200,0.0,0.0
6.716760362897601,6.716760362897601,6.570743833269392,6.643752098083496,1329800,0.0,0.0
6.6437518959460045,6.753264289835224,6.570743633353193,6.7167601585388175,1082200,0.0,0.0
6.680256843566895,6.71676097932409,6.607248572052503,6.680256843566895,319200,0.0,0.0
6.680255610639879,6.680255610639879,6.534239094560316,6.607247352600098,1319600,0.0,0.0
6.607247965676444,6.643752098083496,6.570743833269392,6.643752098083496,607400,0.0,0.0
6.680256843566895,6.71676097932409,6.6437527078097,6.680256843566895,599600,0.0,0.0
6.643750376171536,6.680254499117532,6.570742130279541,6.570742130279541,1107200,0.0,0.0
6.570740715932037,6.607244831020548,6.461228370666504,6.461228370666504,1886600,0.0,0.0
6.497735916883094,6.534240051247608,6.351719379425049,6.351719379425049,1031800,0.0,0.0
6.35171588721303,6.35171588721303,6.242203544330046,6.315211772918701,1523200,0.0,0.0
6.3517181429752085,6.388222270233687,6.242205761199774,6.278709888458253,624200,0.0,0.0
6.315215849195208,6.388224124908447,6.242207573481967,6.388224124908447,577400,0.0,0.0
6.424724115801685,6.424724115801685,6.242203544330046,6.315211772918701,1767800,0.0,0.0
6.242206156253816,6.315214415391287,6.0231813788414,6.132693767547607,2423000,0.0,0.0
5.986675707879893,6.205700428899892,5.986675707879893,6.096188068389893,793200,0.0,0.0
6.096188250454989,6.169196492975407,6.02318000793457,6.02318000793457,979000,0.0,0.0
6.0231819099554125,6.534239768981934,5.950173644380198,6.534239768981934,1645400,0.0,0.0
6.461232400621686,6.461232400621686,6.351719987051827,6.388224124908447,724800,0.0,0.0
6.388224124908447,6.461232400621686,6.315215849195208,6.388224124908447,1329200,0.0,0.0
6.4247276481540725,6.4247276481540725,6.3152152450605366,6.351719379425049,809400,0.0,0.0
6.351717759262431,6.461230134422129,6.3152136342092,6.4247260093688965,1327000,0.0,0.0
6.388223513789559,6.4247276481540725,6.3152152450605366,6.351719379425049,2745000,0.0,0.0
6.315211596113912,6.497732162475586,6.315211596113912,6.497732162475586,1114200,0.0,0.0
6.461232400621686,6.497736538478306,6.388224124908447,6.388224124908447,490400,0.0,0.0
6.3735684540312185,6.483457565307617,6.3735684540312185,6.483457565307617,575800,0.0375,0.0
6.520090189847079,6.520090189847079,6.373571309176358,6.446830749511719,486800,0.0,0.0
6.410201596117567,6.446831319523954,6.3735718727111825,6.3735718727111825,1073400,0.0,0.0
6.410201549530028,6.410201549530028,6.263682656969342,6.410201549530028,399600,0.0,0.0
6.3735725515029005,6.410202278810389,6.190423914965462,6.227053642272949,649400,0.0,0.0
6.300313096887924,6.300313096887924,6.190423914965462,6.227053642272949,1086400,0.0,0.0
6.263680863242617,6.373570001194242,6.263680863242617,6.336940288543701,668000,0.0,0.0
6.336940964063009,6.336940964063009,6.153792381286621,6.153792381286621,342200,0.0,0.0
6.22705321340166,6.336942387755807,6.153793763832227,6.1904234886169425,718000,0.0,0.0
6.153792381286621,6.190422097841898,6.043903231620789,6.153792381286621,1072800,0.0,0.0
6.190423914965462,6.263683369580437,6.153794187657972,6.227053642272949,932800,0.0,0.0
6.263680863242617,6.336940288543701,6.227051150592075,6.336940288543701,389000,0.0,0.0
6.300313096887924,6.336942824195412,6.227053642272949,6.227053642272949,1394400,0.0,0.0
6.263682656969342,6.410201549530028,6.22705293382917,6.410201549530028,991400,0.0,0.0
6.593348429753231,6.886386137742263,6.593348429753231,6.666607856750487,5759200,0.0,0.0
6.739865695728974,6.886384515201343,6.739865695728974,6.849754810333253,3007200,0.0,0.0
6.813125489887439,7.289311680040861,6.813125489887439,6.959644317626952,2126200,0.0,0.0
6.886386137742263,6.959645564739519,6.666607856750487,6.666607856750487,1243800,0.0,0.0
6.703235678909892,6.703235678909892,6.556716866256124,6.629976272583008,1985600,0.0,0.0
6.666607820271143,6.776496960165723,6.629978106972949,6.703237533569336,657200,0.0,0.0
6.666607820271143,6.7398672468675285,6.5933483936747574,6.703237533569336,648200,0.0,0.0
6.739866076017681,6.959644317626952,6.739866076017681,6.959644317626952,1261800,0.0,0.0
6.9596442580223075,7.1427927911281595,6.9596442580223075,7.0329036712646475,1673600,0.0,0.0
7.069534058211953,7.069534058211953,6.7398666668963685,6.813126087188722,752600,0.0,0.0
6.849754308132415,6.923013712497468,6.739865201584836,6.886384010314941,830600,0.0,0.0
6.9230162259694685,6.9962756569321085,6.7398676485628695,6.7764973640441895,1194600,0.0,0.0
6.8131251054651605,6.886384515201343,6.739865695728974,6.849754810333253,726000,0.0,0.0
6.886384903757197,6.9962740245618305,6.886384903757197,6.959644317626952,879200,0.0,0.0
6.9962736298056205,6.9962736298056205,6.8131251054651605,6.849754810333253,416400,0.0,0.0
6.813126673463914,6.813126673463914,6.52008896707837,6.703237533569336,1118400,0.0,0.0
6.666607856750487,6.703237570249118,6.593348429753231,6.666607856750487,483000,0.0,0.0
6.629978540151014,6.776497402916784,6.446829961693804,6.739867687225343,1264800,0.0,0.0
6.813128804403638,6.959647703423071,6.813128804403638,6.923017978668213,1100200,0.0,0.0
6.886386173287617,7.1061644554138175,6.886386173287617,7.1061644554138175,1043000,0.0,0.0
7.1427913610847815,7.1427913610847815,6.959642864646712,6.996272563934326,1033400,0.0,0.0
6.9962736298056205,7.032903334673714,6.739865695728974,6.849754810333253,5116200,0.0,0.0
6.849755138158798,7.0695333778858185,6.813125431537628,7.0329036712646475,764800,0.0,0.0
6.9962739646434775,7.0329036712646475,6.923014551401137,7.0329036712646475,356600,0.0,0.0
6.9962739646434775,7.0695333778858185,6.923014551401137,7.0329036712646475,1115200,0.0,0.0
7.0329049917367765,7.142794132232666,6.99627527823815,7.142794132232666,698600,0.0,0.0
7.142792852301347,7.142792852301347,6.923014610692074,6.959644317626952,1031200,0.0,0.0
6.923013712497468,6.99627311686252,6.813124605949889,6.886384010314941,537000,0.0,0.0
6.849754810333253,6.886384515201343,6.8131251054651605,6.849754810333253,352000,0.0,0.0
6.849756834299668,6.849756834299668,6.6666082558424575,6.739867687225343,359400,0.0,0.0
6.703236956750192,6.923015217627247,6.703236956750192,6.813126087188722,824800,0.0,0.0
6.776497402916784,6.849756834299668,6.703237971533898,6.739867687225343,532200,0.0,0.0
6.886384844779968,7.1061630845069885,6.813125431537628,7.0329036712646475,1872000,0.0,0.0
7.069534951774635,7.362572669982909,7.069534951774635,7.36257266998291,1427000,0.0,0.0
7.325942955206875,7.399202384758944,7.325942955206875,7.36257266998291,938000,0.0,0.0
7.399201941490173,7.399201941490173,7.28931280374527,7.325942516326903,998600,0.0,0.0
7.362571030855179,7.618978977203369,7.325941324234009,7.618978977203369,536800,0.0,0.0
7.61898000031999,7.61898000031999,7.435831442619992,7.54572057723999,674000,0.0,0.0
7.618976022595558,7.948643254342481,7.582346330179233,7.838754177093506,3708600,0.0,0.0
7.765502504827852,7.80213223362421,7.692243047235137,7.728872776031494,871000,0.0,0.0
7.655609408090282,7.9120173786961745,7.655609408090282,7.875387668609619,1284200,0.0,0.0
7.875386211607192,7.912015914916991,7.83875650829739,7.912015914916992,1460200,0.0,0.0
7.912013561926156,7.948643254342481,7.765494792260856,7.838754177093506,723000,0.0,0.0
7.802129306883183,7.838759021938973,7.692240161715812,7.765499591827393,287400,0.0,0.0
7.8021275103092185,7.8021275103092185,7.618978977203369,7.618978977203369,755000,0.0,0.0
7.54572057723999,7.61898000031999,7.5090908656999895,7.54572057723999,920600,0.0,0.0
7.582348476542106,7.582348476542106,7.362570259830738,7.399199962615968,2171200,0.0,0.0
7.4358296654011955,7.4358296654011955,7.399199962615968,7.399199962615968,257200,0.0,0.0
7.435832099534978,7.472461814311013,7.252683525654807,7.36257266998291,1216600,0.0,0.0
7.2787555410311775,7.646369457244872,7.2787555410311775,7.646369457244872,621400,0.045,0.0
7.646370156297406,7.683131551279605,7.4993245763686085,7.572847366333008,1704800,0.0,0.0
7.719892240487613,7.719892240487613,7.499323890759394,7.646369457244872,631200,0.0,0.0
7.646367176924602,7.646367176924602,7.352276131658272,7.425798892974853,889800,0.0,0.0
7.425798892974853,7.462560273633144,7.352276131658272,7.425798892974853,739200,0.0,0.0
7.38904120956642,7.609609603881839,7.38904120956642,7.609609603881836,791800,0.0,0.0
7.609608761315208,7.609608761315208,7.536085971350808,7.572847366333008,443800,0.0,0.0
7.609611280953013,7.609611280953013,7.352281430872475,7.536088466644287,639200,0.0,0.0
7.572849873798648,7.609611280953013,7.462565652335563,7.536088466644287,182000,0.0,0.0
7.572850607886102,7.609612018603997,7.425804965014527,7.462566375732423,272600,0.0,0.0
7.462562779288981,7.462562779288981,7.352278600284709,7.389039993286133,1352400,0.0,0.0
7.46256251550799,7.499323907210001,7.278755556997941,7.315516948699951,792000,0.0,0.0
7.4258011238059805,7.4258011238059805,6.764096073169804,7.315516948699951,836400,0.0,0.0
7.2787561072516676,7.315517501732737,7.094949134846324,7.131710529327393,906200,0.0,0.0
7.131712565346368,7.205235375298394,6.947905540466309,6.947905540466309,719000,0.0,0.0
6.947905540466309,7.058189755394344,6.9111441354902965,6.947905540466309,1347400,0.0,0.0
7.058187128423335,7.058187128423335,6.690573215484619,6.690573215484619,2046600,0.0,0.0
6.7273353415986765,6.8008581322172414,6.690573946289394,6.764096736907959,3730000,0.0,0.0
6.800859920562259,6.947905540466309,6.800859920562259,6.947905540466309,1609400,0.0,0.0
6.947901347850231,6.947901347850231,6.837617199471658,6.911139965057372,449000,0.0,0.0
6.911140511433285,7.131708825627962,6.911140511433285,7.058186054229736,1596200,0.0,0.0
7.021422863006593,7.0949456154988075,6.984661486760484,7.021422863006593,1125200,0.0,0.0
7.094949025374192,7.168471813201903,7.058187631460337,7.168471813201903,589600,0.0,0.0
7.168471381891912,7.315516948699951,7.131709990189902,7.315516948699951,1070600,0.0,0.0
7.315517315864563,7.425801496505738,7.278755922317504,7.352278709411621,889800,0.0,0.0
7.352280493227312,7.352280493227312,7.094950675964356,7.094950675964356,341400,0.0,0.0
7.021427871032082,7.168473480896628,6.9111436636336725,7.094950675964356,1410200,0.0,0.0
7.205232988154223,7.2787557737476325,7.168471595357517,7.241994380950928,87800,0.0,0.0
7.241994712770599,7.241994712770599,7.058187740365255,7.131710529327393,350200,0.0,0.0
6.984663315635314,7.058186087378844,6.837617772148255,6.87437915802002,1163000,0.0,0.0
6.947901347850231,6.98466273064309,6.911139965057372,6.911139965057372,438800,0.0,0.0
6.984664916992188,7.021426311292148,6.91114212839227,6.984664916992188,373600,0.0,0.0
6.91114212839227,7.021426311292148,6.91114212839227,6.984664916992188,303600,0.0,0.0
7.058187416967403,7.315517166544338,7.058187416967403,7.241994380950928,1570800,0.0,0.0
7.168472652532617,7.278756847186965,7.168472652532617,7.205234050750732,617200,0.0,0.0
7.205232988154223,7.315517166544338,7.205232988154223,7.241994380950928,279200,0.0,0.0
7.2052330282790145,7.389039993286133,7.2052330282790145,7.389039993286133,340800,0.0,0.0
7.425801386287556,7.536085565291827,7.389039993286133,7.389039993286133,1004400,0.0,0.0
7.389043554296634,7.462566375732423,7.389043554296634,7.462566375732423,651200,0.0,0.0
7.536083034949727,7.536083034949727,7.389037512316562,7.425798892974853,528200,0.0,0.0
7.425804965014527,7.462566375732423,7.389043554296634,7.462566375732423,833800,0.0,0.0
7.389040391422013,7.572847366333008,7.3522789964398125,7.572847366333008,665000,0.0,0.0
7.572847366333008,7.683131551279605,7.536085971350808,7.572847366333008,372600,0.0,0.0
7.646366975017798,7.903696632830896,7.646366975017798,7.8669352531433105,1503600,0.0,0.0
7.866938480111054,7.977222664411678,7.830177085344181,7.90369987487793,2723200,0.0,0.0
7.90369987487793,7.9404612696448025,7.830177085344181,7.90369987487793,660000,0.0,0.0
7.977223883926599,8.124269485473633,7.94046248353984,8.124269485473633,820200,0.0,0.0
8.0875068487123,8.0875068487123,7.90369987487793,7.90369987487793,358400,0.0,0.0
7.977225780487059,8.050748598740396,7.866941553107054,7.977225780487059,450800,0.0,0.0
8.087504307428995,8.234549840291344,7.866936008135477,7.94045877456665,1010000,0.0,0.0
7.94045706971051,8.087502571001446,7.9036956943877765,8.050741195678711,1257400,0.0,0.0
8.087501354045695,8.197785463419047,8.050739984254577,8.16102409362793,1002400,0.0,0.0
8.161030885860391,8.19779228624715,8.087508085086874,8.124269485473633,628000,0.0,0.0
8.08750266328864,8.124264039030862,7.977218536061977,8.013979911804201,1053800,0.0,0.0
8.013983489124017,8.41835880279541,8.013983489124017,8.41835880279541,2048600,0.0,0.0
8.308075791413563,8.381598586027843,8.308075791413563,8.344837188720701,565200,0.0,0.0
8.344837188720701,8.381598586027843,8.271314394106422,8.344837188720701,767800,0.0,0.0
8.271317609718867,8.381601844515119,8.197794786521367,8.234556198120117,742800,0.0,0.0
8.234550374348958,8.308073145548503,8.234550374348958,8.27131175994873,514600,0.0,0.0
8.271314394106422,8.344837188720701,8.197791599492144,8.344837188720701,768000,0.0,0.0
8.308073380897785,8.528641700744629,8.234550607615503,8.528641700744629,802400,0.0,0.0
8.528642333714307,8.528642333714307,8.271312608128099,8.308073997497559,690400,0.0,0.0
8.334623669265607,8.334623669265607,8.00271387712671,8.039592742919924,5446000,0.045,0.0
8.076478336731233,8.260872819305005,8.076478336731233,8.150236129760742,1297400,0.0,0.0
8.113352288140192,8.297746658325195,8.076473414103189,8.297746658325195,859200,0.0,0.0
8.297745315483331,8.334624183552148,8.187108711276888,8.223987579345701,348200,0.0,0.0
8.297750813320345,8.408387490831283,8.187114135809408,8.371508598327638,553800,0.0,0.0
8.408383369445799,8.555898867155376,8.371504495018407,8.408383369445799,604200,0.0,0.0
8.482140919257855,8.555898666381836,8.445262045695863,8.555898666381836,769600,0.0,0.0
8.482142744105976,8.51902162560209,8.371506099617637,8.445263862609862,530600,0.0,0.0
8.37150953071458,8.408388427325658,8.039599461214884,8.260872840881348,915000,0.0,0.0
8.187108039855957,8.223986904900354,8.002713714633977,8.187108039855957,463000,0.0,0.0
8.113352116023268,8.113352116023268,7.8183211299860575,7.892078876495361,678800,0.0,0.0
7.892078306939868,8.039593789312574,7.892078306939868,7.965836048126222,539800,0.0,0.0
7.965836334228517,8.187109565734863,7.965836334228517,8.113351821899414,782600,0.0,0.0
8.113350975139259,8.223987579345701,8.076472107070444,8.223987579345701,1053600,0.0,0.0
8.223987579345701,8.223987579345701,8.113350975139259,8.223987579345701,983800,0.0,0.0
8.113350309767165,8.187108039855957,8.113350309767165,8.187108039855957,662200,0.0,0.0
8.187115026275496,8.187115026275496,8.076478336731233,8.150236129760742,631200,0.0,0.0
8.150236129760742,8.187115026275496,8.076478336731233,8.150236129760742,419000,0.0,0.0
8.150229843208075,8.223987579345701,8.150229843208075,8.223987579345701,801800,0.0,0.0
8.223988437652588,8.223988437652588,8.039594078063965,8.113351821899414,460200,0.0,0.0
8.076478628518943,8.113357526366062,7.928963037130471,8.002720832824707,373800,0.0,0.0
8.039592579678372,8.187108039855957,8.039592579678372,8.187108039855957,422400,0.0,0.0
8.113351151279119,8.150230020148568,8.039593413540217,8.076472282409668,451200,0.0,0.0
8.15023069381714,8.187109565734863,8.07647294998169,8.113351821899414,828600,0.0,0.0
8.187109565734863,8.187109565734863,8.039594078063965,8.113351821899414,462800,0.0,0.0
8.039593413540217,8.187108889018019,8.002714544670766,8.076472282409668,686600,0.0,0.0
8.076476835650068,8.076476835650068,7.892082387347554,7.9289612770080575,581600,0.0,0.0
7.9289568069318666,8.076472282409668,7.818320200323512,8.076472282409668,853400,0.0,0.0
7.965840782917723,8.00271967543123,7.781446320350182,7.855204105377197,1095600,0.0,0.0
7.892082387347554,8.002719056329061,7.855203497687053,7.9289612770080575,342800,0.0,0.0
7.8920829978907046,8.00271967543123,7.818325212863691,7.855204105377197,798800,0.0,0.0
7.8920865217091345,7.928965430689082,7.744570885789338,7.781449794769287,453000,0.0,0.0
7.781443226280396,7.781443226280396,7.6708065927313855,7.707685470581055,369200,0.0,0.0
7.744565010070801,7.8183227720714745,7.744565010070801,7.744565010070801,397200,0.0,0.0
7.781440524367598,8.187108039855957,7.781440524367598,8.187108039855957,989400,0.0,0.0
8.113357526366062,8.113357526366062,8.002720832824707,8.002720832824707,245200,0.0,0.0
8.03959323900163,8.223987579345701,8.002714370932814,8.223987579345701,1324600,0.0,0.0
8.223990507885418,8.555900438696938,8.187111626684139,8.334627151489258,1409400,0.0,0.0
8.260867871736226,8.445262243873195,8.260867871736226,8.408383369445799,690400,0.0,0.0
8.408383369445799,8.445262243873195,8.371504495018407,8.408383369445799,503800,0.0,0.0
8.371507392817245,8.555901828782384,8.371507392817245,8.519022941589355,944000,0.0,0.0
8.555902178195415,8.629659955593647,8.519023289496294,8.592781066894531,2730400,0.0,0.0
8.592777539943826,8.629656413505817,8.482140919257855,8.555898666381836,1340400,0.0,0.0
8.555901828782384,8.555901828782384,8.371507392817245,8.519022941589355,416000,0.0,0.0
8.519019792819844,8.629656413505817,8.408383172133874,8.555898666381836,945400,0.0,0.0
8.629661911202275,8.814056396484375,8.592783014145857,8.814056396484375,917800,0.0,0.0
8.777175510390123,8.777175510390123,8.482144400797177,8.592781066894531,378000,0.0,0.0
8.629656616010164,8.629656616010164,8.371504495018407,8.408383369445799,616600,0.0,0.0
8.408388427325658,8.408388427325658,8.22399394427027,8.260872840881348,351800,0.0,0.0
8.187108039855957,8.26086576994475,8.15022917481156,8.187108039855957,903600,0.0,0.0
8.187108711276888,8.223987579345701,7.965835502863999,8.223987579345701,245000,0.0,0.0
8.223988437652588,8.223988437652588,8.07647294998169,8.113351821899414,528600,0.0,0.0
8.113350975139259,8.260866447414518,8.076472107070444,8.223987579345701,715200,0.0,0.0
8.22399394427027,8.297751737492424,8.187115047659193,8.260872840881348,1145000,0.0,0.0
8.297748270287979,8.408384913891817,8.260869389086697,8.334627151489258,519800,0.0,0.0
8.334625532362196,8.408383280436198,8.223988910251194,8.297746658325195,863200,0.0,0.0
8.297746658325195,8.334625532362196,8.297746658325195,8.297746658325195,267200,0.0,0.0
8.371508598327638,8.408387490831283,8.33462970582399,8.371508598327638,331800,0.0,0.0
8.592779815706432,8.740295349023281,8.592779815706432,8.629658699035645,1155600,0.0,0.0
8.555898666381836,8.592777539943826,8.371504298571882,8.555898666381836,1105800,0.0,0.0
8.519022400096311,8.70341682434082,8.48214351524741,8.70341682434082,1145000,0.0,0.0
8.629660302020133,8.887812533277144,8.629660302020133,8.666539192199707,683600,0.0,0.0
8.703416465694069,8.703416465694069,8.592779815706432,8.629658699035645,801800,0.0,0.0
8.629658270090427,8.629658270090427,8.445263862609862,8.445263862609862,974800,0.0,0.0
8.397909593373928,8.582885575606833,8.360914396927345,8.47189998626709,630800,0.045,0.0
8.434906700910147,8.730868339538574,8.434906700910147,8.730868339538574,1129000,0.0,0.0
8.73087036260501,8.841856002807617,8.73087036260501,8.841856002807617,385400,0.0,0.0
8.76786435842514,8.989835608005524,8.730869150161743,8.878849983215332,865200,0.0,0.0
8.878849574497767,8.952839987618582,8.767863954816546,8.804859161376953,817600,0.0,0.0
8.804856382097517,9.211803525807904,8.804856382097517,9.063822746276855,2022200,0.0,0.0
9.063825473249198,9.248801503315509,9.026830267235935,9.211806297302246,1826600,0.0,0.0
9.100816471856616,9.137811660766602,8.915840527306685,9.137811660766602,688600,0.0,0.0
9.10082067926246,9.211806297302246,9.10082067926246,9.211806297302246,555200,0.0,0.0
9.285792484204958,9.322787673385054,8.98983097076416,8.98983097076416,2617600,0.0,0.0
8.952839568509894,9.063825182995553,8.730868339538574,8.730868339538574,1463200,0.0,0.0
8.656878335135323,8.952839987618582,8.656878335135323,8.804859161376953,950000,0.0,0.0
8.841854774951935,8.952840399742126,8.804859566688538,8.878849983215332,710200,0.0,0.0
8.878845021694524,8.915840209284914,8.693869083742554,8.76785945892334,474600,0.0,0.0
8.693872451782228,8.767862855627182,8.656877249859749,8.693872451782228,623600,0.0,0.0
8.58288752022436,8.730868339538574,8.545892315395808,8.730868339538574,309000,0.0,0.0
8.767860839241429,8.841851226070471,8.397908905096223,8.434904098510742,4870200,0.0,0.0
8.434904271906072,8.545889854431152,8.397909077731045,8.545889854431152,1142600,0.0,0.0
8.508895874023438,8.508895874023438,8.323919876762059,8.508895874023438,949400,0.0,0.0
8.508898613211343,8.54589382457313,8.360917767764189,8.397912979125978,1313800,0.0,0.0
8.434903920491536,8.471899113125271,8.138942379421657,8.323918342590332,1663000,0.0,0.0
8.360917091369629,8.434907508107411,8.323921883000736,8.360917091369629,583600,0.0,0.0
8.397909077731045,8.619880242781205,8.397909077731045,8.545889854431152,1167000,0.0,0.0
8.58288352097137,8.804854646513734,8.545888333380978,8.76785945892334,1450200,0.0,0.0
8.767861953451613,9.10081873649408,8.767861953451613,8.952837944030762,813400,0.0,0.0
8.952839987618582,8.952839987618582,8.804859161376953,8.804859161376953,823000,0.0,0.0
8.730867653704705,8.804858057549659,8.693872451782228,8.693872451782228,311800,0.0,0.0
8.656873408230869,8.656873408230869,8.138940811157228,8.138940811157228,5881800,0.0,0.0
8.175941049525168,8.39791229973852,8.138945841156275,8.360917091369629,1162400,0.0,0.0
8.323918864331437,8.360914059284022,8.212933279473686,8.24992847442627,670800,0.0,0.0
8.28692516482254,8.28692516482254,8.027958753421835,8.175939559936522,553800,0.0,0.0
8.212934761565197,8.249929963193868,8.138944358307851,8.175939559936522,392400,0.0,0.0
8.175939678596464,8.175939678596464,7.916973263437297,8.027958869934082,770800,0.0,0.0
7.9909636677684865,8.027958869934082,7.7319972526093235,8.027958869934082,1679200,0.0,0.0
8.508900446551188,8.508900446551188,8.249933911221369,8.286929130554201,795400,0.0,0.0
8.434907508107411,8.434907508107411,8.249931466262952,8.360917091369629,1835000,0.0,0.0
8.323924349887031,8.360919569219861,8.249933911221369,8.286929130554201,1015800,0.0,0.0
8.286923090616861,8.286923090616861,7.953966359297434,7.99096155166626,528800,0.0,0.0
8.027959894675474,8.027959894675474,7.695003032684326,7.695003032684326,474000,0.0,0.0
7.251059053002334,7.658006244752464,7.251059053002334,7.584015846252441,1090800,0.0,0.0
7.731995965393495,7.953967141433501,7.695000769386829,7.879976749420166,1076600,0.0,0.0
7.84298078219096,7.99096155166626,7.805985589822132,7.99096155166626,826800,0.0,0.0
7.916971945426834,7.953967141433501,7.879976749420166,7.879976749420166,351400,0.0,0.0
7.879976014110531,7.953966399219548,7.805985629001511,7.916971206665039,460600,0.0,0.0
7.916970474775447,8.027956042178841,7.916970474775447,7.953965663909912,517200,0.0,0.0
7.879976014110531,7.953966399219548,7.879976014110531,7.916971206665039,1938200,0.0,0.0
7.953964883630928,8.175935996662487,7.953964883630928,8.138940811157228,1357200,0.0,0.0
8.175935996662487,8.212931182167747,8.064950440146706,8.138940811157228,696000,0.0,0.0
8.138940811157228,8.212931182167747,8.027955254641446,8.138940811157228,584000,0.0,0.0
8.064954072099678,8.138944476430867,8.027958869934082,8.027958869934082,1226400,0.0,0.0
8.064957814557213,8.323924349887031,8.027962595224379,8.286929130554201,670000,0.0,0.0
8.323919200480765,8.545890379160253,8.323919200480765,8.47189998626709,395600,0.0,0.0
8.434910007885525,8.545895665884018,8.286929130554201,8.286929130554201,203400,0.0,0.0
8.175935996662487,8.212931182167747,7.990960069136188,8.138940811157228,257000,0.0,0.0
8.101953033890043,8.286929130554201,8.101953033890043,8.286929130554201,209600,0.0,0.0
8.360917079090559,8.61988353729248,8.360917079090559,8.61988353729248,399200,0.0,0.0
8.619880065583345,8.619880065583345,8.434904098510742,8.434904098510742,194600,0.0,0.0
8.434906700910147,8.730868339538574,8.434906700910147,8.730868339538574,237200,0.0,0.0
8.73086459061195,8.841850157441764,8.545888645895596,8.582883834838867,413000,0.0,0.0
8.582888341582981,8.582888341582981,8.360917091369629,8.360917091369629,247600,0.0,0.0
8.286927345040612,8.508898613211343,8.286927345040612,8.397912979125978,714800,0.0,0.0
8.397912979125978,8.397912979125978,8.360917767764189,8.397912979125978,203800,0.0,0.0
8.397912979125978,8.471903401849554,8.360917767764189,8.397912979125978,238800,0.0,0.0
8.397912979125978,8.434908190487764,8.212936922317034,8.397912979125978,422400,0.0,0.0
8.313292413695246,8.72153445186778,8.313292413695246,8.684421539306639,325400,0.045,0.0
8.647308187193225,8.684421097867874,8.498856544494629,8.498856544494629,306600,0.0,0.0
8.535972485500098,8.5730854093501,8.350407866250096,8.387520790100098,244200,0.0,0.0
8.31329456173996,8.31329456173996,8.201955795288086,8.201955795288086,435800,0.0,0.0
8.201953490218774,8.313292225380115,8.201953490218774,8.276179313659668,241000,0.0,0.0
8.276181639589336,8.350407483890585,8.127729950986836,8.201955795288086,436800,0.0,0.0
8.164838790893555,8.239064598083496,8.127725887298581,8.164838790893555,185200,0.0,0.0
8.164840348422787,8.498856544494629,8.127727437748138,8.498856544494629,700800,0.0,0.0
8.535971641540527,8.684423322262973,8.498858721359916,8.535971641540527,684200,0.0,0.0
8.498856152290905,8.684420697100753,8.461743243328936,8.573081970214844,532000,0.0,0.0
8.68442223072052,8.907099723815918,8.610196399688721,8.907099723815918,482400,0.0,0.0
9.018438470363616,9.055551385879516,8.907099723815918,8.907099723815918,701000,0.0,0.0
8.907100132533483,8.981325966971262,8.832874298095703,8.832874298095703,613800,0.0,0.0
8.83287469840344,9.092665130709424,8.795761779502586,9.018439292907717,819800,0.0,0.0
9.01843604652249,9.09266185760498,8.944210235440002,9.09266185760498,481800,0.0,0.0
9.166890417375873,9.278229167384486,9.129777500706334,9.20400333404541,2821200,0.0,0.0
9.12977537324157,9.12977537324157,8.721533385007191,8.795759201049805,1429800,0.0,0.0
8.721535546439036,8.944213049752372,8.684422629220146,8.832874298095703,680400,0.0,0.0
8.75864873271607,8.981326242869867,8.684422895998138,8.869987487792969,919000,0.0,0.0
8.907098608501887,8.944211519370644,8.721534054158097,8.758646965026855,698400,0.0,0.0
8.721532924421902,8.795758736544641,8.610194206237793,8.610194206237793,753400,0.0,0.0
8.684419719015413,8.981322957272349,8.647306814233298,8.944210052490234,967600,0.0,0.0
8.981325834028182,9.20400333404541,8.907100000689107,9.20400333404541,706800,0.0,0.0
9.204003059912306,9.204003059912306,9.018438482091495,9.166890144348145,707600,0.0,0.0
9.166893783569336,9.27823257446289,9.166893783569336,9.27823257446289,1057800,0.0,0.0
9.27823257446289,9.315345504760742,9.204006713867187,9.27823257446289,750200,0.0,0.0
9.352456360466396,9.463795126662424,9.315343438401053,9.389569282531738,1657200,0.0,0.0
9.352452278137207,9.426678089868457,9.315339372271584,9.352452278137207,511600,0.0,0.0
9.315340875640631,9.426679611206056,9.278227963785486,9.426679611206056,1271600,0.0,0.0
9.46379099573408,9.46379099573408,9.315339372271584,9.352452278137207,836600,0.0,0.0
9.352456360466396,9.389569282531738,9.278230516335707,9.389569282531738,472400,0.0,0.0
9.426682204597082,9.463795126662424,9.352456360466396,9.389569282531738,290400,0.0,0.0
9.352455000723564,9.352455000723564,9.166890417375873,9.20400333404541,170200,0.0,0.0
9.204003059912306,9.278228891040632,9.129777228783984,9.166890144348145,653800,0.0,0.0
9.129777500706334,9.24111625071495,9.05555166736726,9.20400333404541,357200,0.0,0.0
9.204003059912306,9.241115975476472,9.09266431321982,9.166890144348145,704600,0.0,0.0
9.24111625071495,9.278229167384486,9.129777500706334,9.20400333404541,591600,0.0,0.0
9.24111473269579,9.278227643268863,9.129776000976562,9.129776000976562,195400,0.0,0.0
9.16688766868747,9.16688766868747,8.981323140981246,9.09266185760498,363800,0.0,0.0
9.018437269257335,9.129776000976562,8.981324358684262,9.129776000976562,394000,0.0,0.0
9.055551397655657,9.204003059912306,9.018438482091495,9.166890144348145,230400,0.0,0.0
9.12977804961028,9.241116806312844,9.018439292907717,9.018439292907717,388600,0.0,0.0
9.12977804961028,9.166890968511137,9.018439292907717,9.018439292907717,254000,0.0,0.0
9.055548766836583,9.092661671618703,8.907097147708116,8.944210052490234,290200,0.0,0.0
8.981322957272349,9.055548766836583,8.944210052490234,8.944210052490234,279400,0.0,0.0
8.944210052490234,9.055548766836583,8.832871338143883,8.944210052490234,386800,0.0,0.0
9.01843664917765,9.055549557198956,8.758646293028496,8.795759201049805,943400,0.0,0.0
8.721533385007191,8.795759201049805,8.684420476985883,8.795759201049805,2373800,0.0,0.0
8.758648463657925,8.832874298095703,8.721535546439036,8.832874298095703,382400,0.0,0.0
8.86998881668341,9.092666360198473,8.795762968845054,9.055553436279297,891400,0.0,0.0
9.055552211808571,9.055552211808571,8.981326374006859,9.018439292907717,398600,0.0,0.0
9.05555482344194,9.092667753046207,8.944216034629127,8.981328964233398,208400,0.0,0.0
8.907103105024857,9.05555482344194,8.869990175420588,8.981328964233398,381400,0.0,0.0
9.018441893837668,9.092667753046207,8.907103105024857,8.981328964233398,378200,0.0,0.0
8.944210833135033,8.981323741156341,8.795759201049805,8.795759201049805,693600,0.0,0.0
8.758645528579649,8.944210052490234,8.758645528579649,8.944210052490234,11134800,0.0,0.0
8.907099723815918,8.981325554847718,8.869986808300018,8.907099723815918,2897800,0.0,0.0
8.869986808300018,9.018438470363616,8.869986808300018,8.907099723815918,861200,0.0,0.0
8.869986808300018,8.907099723815918,8.79576097726822,8.907099723815918,750200,0.0,0.0
8.869986808300018,8.981325554847718,8.869986808300018,8.907099723815918,886200,0.0,0.0
8.944210052490234,8.981322957272349,8.907097147708116,8.944210052490234,876600,0.0,0.0
8.907099723815918,8.944212639331818,8.832873892784118,8.907099723815918,1069800,0.0,0.0
8.90262904107818,9.014377522765354,8.90262904107818,8.977128028869629,894800,0.055,0.0
8.977129440153801,9.275125438167203,8.977129440153801,9.237875938415527,1428600,0.0,0.0
9.275123811903454,9.424121784785438,9.23787431868296,9.38687229156494,1116800,0.0,0.0
9.34962286968005,9.424121856689453,9.34962286968005,9.424121856689453,268400,0.0,0.0
9.386872434240628,9.498620915600632,9.386872434240628,9.461371421813963,779600,0.0,0.0
9.53587163880814,9.722119131753614,9.498622140219043,9.610370635986328,953200,0.0,0.0
9.647618890747312,9.647618890747312,9.349622940453957,9.461371421813963,1046600,0.0,0.0
9.424121928027297,9.498620915600632,9.386872434240628,9.461371421813963,896800,0.0,0.0
9.275126518249511,9.424124534606934,9.12612850189209,9.312376022338867,669600,0.0,0.0
9.386875030517581,9.46137403869629,9.312376022338867,9.312376022338867,810400,0.0,0.0
9.31237493791888,9.424123437173906,9.237875938415527,9.237875938415527,1373000,0.0,0.0
9.237874703329117,9.237874703329117,9.014377734700188,9.088876724243164,1315600,0.0,0.0
9.051627016661078,9.088876510556805,8.939878534973904,8.977128028869629,1059600,0.0,0.0
8.977130949004621,9.126128973054492,8.977130949004621,9.01438045501709,1188400,0.0,0.0
9.051627016661078,9.051627016661078,8.939878534973904,8.977128028869629,951400,0.0,0.0
8.939881442992155,9.01438045501709,8.865382430967221,9.01438045501709,918200,0.0,0.0
8.977127866139488,9.38687229156494,8.977127866139488,9.38687229156494,1627200,0.0,0.0
9.498622140219043,9.722119131753614,9.498622140219043,9.610370635986328,1219000,0.0,0.0
9.610369958950363,9.871116430704829,9.610369958950363,9.75936794281006,1679600,0.0,0.0
9.722117804727064,9.759367298231766,9.424121856689453,9.424121856689453,957400,0.0,0.0
9.386873176848269,9.424122673581797,9.349623680114746,9.349623680114746,628200,0.0,0.0
9.386872434240628,9.461371421813963,9.312373446667287,9.461371421813963,695000,0.0,0.0
9.461371421813963,9.61036939696064,9.386872434240628,9.461371421813963,470400,0.0,0.0
9.498622074201412,9.64762006752222,9.42412307754101,9.573121070861816,252200,0.0,0.0
9.610374754125422,9.833871841430664,9.424127181371055,9.833871841430664,431200,0.0,0.0
9.68486838453398,9.68486838453398,9.349622940453957,9.461371421813963,1218200,0.0,0.0
9.535870967020514,9.75936794281006,9.424122479125744,9.75936794281006,1187000,0.0,0.0
9.759367298231766,9.759367298231766,9.424121856689453,9.424121856689453,879200,0.0,0.0
9.573121070861816,9.610370569192018,9.461372575871213,9.573121070861816,769000,0.0,0.0
9.573121961206198,9.647620964795351,9.53587245941162,9.53587245941162,841400,0.0,0.0
9.610371463000773,9.684870466589928,9.498622957617043,9.53587245941162,748000,0.0,0.0
9.424122344530543,9.684868812561037,9.424122344530543,9.684868812561037,487600,0.0,0.0
9.722117569056755,9.796616554260254,9.610369091251505,9.796616554260254,757600,0.0,0.0
9.833866934739907,9.871116430704829,9.75936794281006,9.75936794281006,838600,0.0,0.0
9.796616939469882,9.833866433536306,9.498620986938477,9.498620986938477,1144400,0.0,0.0
9.535870106048003,9.871115539463757,9.535870106048003,9.796616554260254,488800,0.0,0.0
9.796613332960339,10.05735969543457,9.796613332960339,10.05735969543457,331800,0.0,0.0
10.057364328583676,10.057364328583676,9.908366338530584,9.982865333557127,666800,0.0,0.0
9.908365873856976,10.243611335754396,9.908365873856976,10.243611335754396,567200,0.0,0.0
10.206362045068534,10.429859024157627,10.131863052038838,10.35536003112793,1327600,0.0,0.0
10.392609458537741,10.616106436140699,10.206361977201938,10.318110466003418,796200,0.0,0.0
10.243607097201876,10.280856577555339,9.982860734727646,10.05735969543457,669800,0.0,0.0
10.131861760066103,10.206360743596004,10.057362776536207,10.169111251831056,351200,0.0,0.0
10.206361839988013,10.355359823053533,10.206361839988013,10.243611335754396,367400,0.0,0.0
10.169112412825877,10.280860900878906,10.131862916808196,10.280860900878906,503200,0.0,0.0
10.280859656082956,10.690604062665976,10.24361016457541,10.61610507965088,827000,0.0,0.0
10.690613088153658,10.951359748840332,10.653363565198418,10.951359748840332,870400,0.0,0.0
10.951352607913131,10.951352607913131,10.653356618582164,10.690606117248537,1429000,0.0,0.0
10.653353221075877,10.653353221075877,10.318107839993068,10.429856300354004,934000,0.0,0.0
10.578856939873539,10.578856939873539,10.318110466003418,10.318110466003418,526800,0.0,0.0
10.318110534613082,10.392609527642778,10.280861038098232,10.35536003112793,589600,0.0,0.0
10.355357326780048,10.504355273927963,10.318107839993068,10.429856300354004,706000,0.0,0.0
10.467105787140982,10.504355273927963,10.318107839993068,10.429856300354004,472000,0.0,0.0
10.42986292138322,10.46711243181673,10.280864879649172,10.392613410949707,422200,0.0,0.0
10.392609527642778,10.392609527642778,10.318110534613082,10.35536003112793,876600,0.0,0.0
10.280861038098232,10.392609527642778,10.280861038098232,10.35536003112793,715200,0.0,0.0
10.392609388931938,10.429858884949617,10.20636190884355,10.280860900878906,1092400,0.0,0.0
10.206360743596004,10.243610235360952,10.057362776536207,10.169111251831056,1370400,0.0,0.0
10.131862984667617,10.392609458537741,10.131862984667617,10.318110466003418,1048800,0.0,0.0
10.318110327287151,10.392609318819913,10.243611335754396,10.243611335754396,1128600,0.0,0.0
10.280861038098232,10.392609527642778,10.243611541583384,10.35536003112793,536400,0.0,0.0
10.318110534613082,10.429859024157627,10.318110534613082,10.35536003112793,434200,0.0,0.0
10.429858489775322,10.616105962807023,10.392608995168981,10.578856468200684,601800,0.0,0.0
10.537008912413269,10.79856587123204,10.537008912413269,10.68647003173828,659200,0.055,0.0
10.68647003173828,10.79856587123204,10.649104751907027,10.68647003173828,714200,0.0,0.0
10.649107009806533,10.68647229756024,10.53701114654541,10.53701114654541,722600,0.0,0.0
10.537008912413269,10.68647003173828,10.499643632582018,10.68647003173828,351000,0.0,0.0
10.61173672004034,11.209581042296133,10.537006179758368,11.13485050201416,1152600,0.0,0.0
11.209585189819336,11.2469504737854,11.097489337921145,11.209585189819336,1209200,0.0,0.0
11.209585189819336,11.284315757751465,11.172219905853273,11.209585189819336,665600,0.0,0.0
11.134851127057463,11.172216399295907,11.022755310342117,11.060120582580566,448800,0.0,0.0
11.24694631243712,11.24694631243712,11.13485050201416,11.13485050201416,630600,0.0,0.0
11.134854990467682,11.172220275670595,10.948028564453123,10.948028564453123,665800,0.0,0.0
10.948027299441831,11.097488422983698,10.873296737670898,10.873296737670898,548000,0.0,0.0
10.761202873067653,10.835933448575068,10.462280571037995,10.53701114654541,3722000,0.0,0.0
10.499643645967755,10.574374205725533,10.462278366088867,10.462278366088867,1231200,0.0,0.0
10.499640750540726,10.537006020115602,10.2007185939417,10.350179672241213,702400,0.0,0.0
10.499644888493053,10.6491060256958,10.387549035590991,10.6491060256958,1197200,0.0,0.0
10.611739472075776,10.761200591400788,10.574374192244523,10.68647003173828,525600,0.0,0.0
10.985392570495604,11.134853693903711,10.723835604531423,10.985392570495604,1873600,0.0,0.0
10.948023149411974,11.097484216298144,10.91065788269043,10.91065788269043,511000,0.0,0.0
10.948023847114284,11.172215461730957,10.948023847114284,11.172215461730957,588600,0.0,0.0
11.172218319596043,11.43377527022204,11.134853040935187,11.284314155578613,1986000,0.0,0.0
11.209581042296133,11.284311582578109,11.060119961732186,11.13485050201416,621200,0.0,0.0
11.134853693903711,11.246949536459788,10.985392570495604,10.985392570495604,732400,0.0,0.0
10.94802822087349,11.134854641024914,10.72383651669178,11.097489356994627,1619600,0.0,0.0
11.060120582580566,11.060120582580566,10.948024765865224,11.060120582580566,1462000,0.0,0.0
11.097489049879169,11.097489049879169,10.761201502913137,11.02275848388672,721800,0.0,0.0
11.022753682855058,11.022753682855058,10.723831549082716,10.91065788269043,629200,0.0,0.0
10.910659493626774,11.060120582580566,10.798563676911433,11.060120582580566,304000,0.0,0.0
11.097485854819016,11.097485854819016,10.948024765865224,11.060120582580566,385400,0.0,0.0
11.060124420061861,11.060124420061861,10.910663279250212,10.948028564453123,993400,0.0,0.0
10.948020879153548,10.948020879153548,10.835925102233887,10.835925102233887,727800,0.0,0.0
10.910659444456732,10.910659444456732,10.686467812036387,10.723833084106444,645400,0.0,0.0
10.723835325241089,10.723835325241089,10.462278366088867,10.462278366088867,486600,0.0,0.0
10.387549995530582,10.68647229756024,10.275454132269461,10.53701114654541,538400,0.0,0.0
10.611740741395113,10.667788667846144,10.574375457094426,10.6491060256958,979600,0.0,0.0
10.686466834914516,10.686466834914516,10.537005760300328,10.611736297607422,1056000,0.0,0.0
10.649101539014495,10.686466807572444,10.46227519622477,10.499640464782717,632200,0.0,0.0
10.387548672950873,11.02275848388672,10.387548672950873,11.02275848388672,651800,0.0,0.0
10.910659749600574,10.948025022715647,10.57437229156494,10.57437229156494,414200,0.0,0.0
10.611739465522106,10.835931144371164,10.611739465522106,10.798565864562988,304200,0.0,0.0
10.723836594297175,10.761201878597861,10.611740741395113,10.6491060256958,889000,0.0,0.0
10.686467812036387,10.79856362824656,10.64910253996633,10.723833084106444,692400,0.0,0.0
10.72383467356364,10.835930506388344,10.312816619873047,10.312816619873047,2526000,0.0,0.0
10.312817246573312,10.499643645967755,10.275451966694424,10.462278366088867,982000,0.0,0.0
10.537008905905752,10.873296424179339,10.4622783462894,10.798565864562988,1018200,0.0,0.0
10.798566785909363,11.097489049879169,10.761201502913137,11.02275848388672,809400,0.0,0.0
11.060124072964344,11.134854641024914,10.94802822087349,11.097489356994627,654600,0.0,0.0
11.134850242489676,11.471137665920569,11.060119703949479,11.396407127380373,1888800,0.0,0.0
11.471134891080705,11.620595932006836,11.396404370617635,11.620595932006836,1181600,0.0,0.0
11.583234489343727,11.807426124621351,11.508503944251187,11.732695579528807,956600,0.0,0.0
11.732694550811267,11.732694550811267,11.396407127380373,11.396407127380373,871600,0.0,0.0
11.35904218940859,11.620599081927868,11.321676919048695,11.47113800048828,305400,0.0,0.0
11.620603887496454,11.65796917330834,11.508508030060801,11.58323860168457,343400,0.0,0.0
11.583234489343727,11.770060852075078,11.545869216797456,11.732695579528807,760000,0.0,0.0
11.695326452469905,11.770056972932966,11.545865411543767,11.620595932006836,443000,0.0,0.0
11.732691712701435,11.732691712701435,11.583230671775302,11.620595932006836,281400,0.0,0.0
11.545870780944824,11.545870780944824,11.284313837687176,11.32167911529541,730400,0.0,0.0
11.172213940243974,11.35904026031494,11.172213940243974,11.35904026031494,655000,0.0,0.0
11.39640967051188,11.583236058553062,11.359044392903645,11.545870780944824,441400,0.0,0.0
11.583236058553062,11.583236058553062,11.32167911529541,11.545870780944824,613400,0.0,0.0
11.545868204460769,11.545868204460769,11.396407127380373,11.396407127380373,938600,0.0,0.0
11.43377078834333,11.43377078834333,11.321674996300747,11.35904026031494,742000,0.0,0.0
11.359042122860082,11.359042122860082,11.060119961732186,11.13485050201416,1392600,0.0,0.0
11.134853040935187,11.359044712900324,11.134853040935187,11.284314155578613,484800,0.0,0.0
11.27981662750244,11.354765575193488,11.204867679811397,11.27981662750244,1610000,0.055,0.0
11.317292367664502,11.429715801780373,11.204868933548626,11.354766845703125,607200,0.0,0.0
11.354766048883135,11.50466395051856,11.279817098065429,11.392240524291992,354800,0.0,0.0
11.429712295532227,11.467186762074954,11.354763362446771,11.429712295532227,294200,0.0,0.0
11.31728954376912,11.579610824584961,11.31728954376912,11.579610824584961,1135400,0.0,0.0
11.57961016170314,11.57961016170314,11.392237828989494,11.429712295532227,400800,0.0,0.0
11.429714999700847,11.467189475109706,11.354766048883135,11.392240524291992,536600,0.0,0.0
11.317292188669182,11.542139053344727,11.279817711223256,11.542139053344727,672200,0.0,0.0
11.467187579985588,11.617085456848145,11.467187579985588,11.617085456848145,509600,0.0,0.0
11.617086728413902,11.692035675048828,11.542137781778973,11.692035675048828,748000,0.0,0.0
11.654557303299287,11.916878528775475,11.654557303299287,11.879404067993164,1124600,0.0,0.0
11.916886766380241,12.10425919981389,11.879412279693508,12.02931022644043,1526800,0.0,0.0
12.029301382211539,12.216673677884614,12.029301382211539,12.17919921875,691000,0.0,0.0
12.366574915443977,12.478998323766195,12.2916259765625,12.2916259765625,843800,0.0,0.0
12.291627717805696,12.516474566302142,12.254153243056289,12.479000091552734,1172800,0.0,0.0
12.479000248594911,12.741321575141953,12.441525773373904,12.516474723815918,852800,0.0,0.0
12.703844726606984,12.966166004147544,12.628895790166828,12.853742599487305,857600,0.0,0.0
12.816271268404448,13.153541564941404,12.816271268404448,13.153541564941404,907200,0.0,0.0
13.153542212565513,13.490812525708218,13.003644295613197,13.078593254089355,1274000,0.0,0.0
13.116065339545985,13.116065339545985,12.722583379359605,12.966167449951172,1267600,0.0,0.0
12.966164814543482,12.984902046934442,12.816266955415811,12.909953117370605,473200,0.0,0.0
12.891214640000285,12.891214640000285,12.703842334186328,12.74131679534912,537800,0.0,0.0
12.741318792557644,12.741318792557644,12.329099655151367,12.329099655151367,711400,0.0,0.0
12.404053537773367,12.535214224728673,12.347841814792517,12.366579055786133,550600,0.0,0.0
12.441521539886205,12.666368314703426,12.404047077416667,12.628893852233887,322000,0.0,0.0
12.666370258386907,12.872479833597346,12.591421321946747,12.853742599487305,513000,0.0,0.0
12.891219609065427,13.191015413927412,12.891219609065427,13.003643035888672,852600,0.0,0.0
13.378388224194227,13.378388224194227,12.741322118280218,12.760059356689453,3605000,0.0,0.0
12.760054703368695,12.90995255597802,12.760054703368695,12.891215324401855,734600,0.0,0.0
12.891214984202245,12.928689446365626,12.816266059875488,12.816266059875488,595200,0.0,0.0
12.853748649914605,13.078595565073456,12.816274164054793,13.059858322143555,806000,0.0,0.0
13.191016042334402,13.340913951906385,13.078592610155413,13.153541564941404,1410400,0.0,0.0
13.17227945218455,13.17227945218455,13.059856014470315,13.078593254089355,677600,0.0,0.0
13.09732417639564,13.116061406977035,12.74131679534912,12.74131679534912,778800,0.0,0.0
12.89121787849514,13.078590231380243,12.89121787849514,13.041115760803224,514200,0.0,0.0
13.003641524872222,13.07859046737869,12.984904289245605,12.984904289245605,1517600,0.0,0.0
13.041115271526834,13.059852506112364,12.891217394842618,12.928691864013672,350200,0.0,0.0
12.891214984202245,12.891214984202245,12.666368211221974,12.816266059875488,302600,0.0,0.0
12.891221102707677,13.022381782531738,12.816272142808216,13.022381782531738,1849000,0.0,0.0
13.003641378150387,13.172276496887207,12.984904142735186,13.172276496887207,1322600,0.0,0.0
13.2097532810309,13.2284905197274,13.078592610155413,13.153541564941404,467600,0.0,0.0
13.078594158078758,13.134805880821213,12.909958989851381,12.947433471679688,756800,0.0,0.0
12.947431898047247,12.947431898047247,12.797533988952635,12.797533988952635,522400,0.0,0.0
12.741317239642498,12.760054470877266,12.572682158529586,12.628893852233887,653200,0.0,0.0
12.703842211265624,12.741316672065814,12.610156059265135,12.610156059265135,475200,0.0,0.0
12.628893852233887,12.722580008407727,12.572682158529586,12.628893852233887,1954800,0.0,0.0
12.591425451571055,12.853746815145449,12.553950971060429,12.835009574890135,1276400,0.0,0.0
12.891218196323939,13.11606502532959,12.853743724822998,13.11606502532959,757800,0.0,0.0
13.11606502532959,13.191013968331474,13.003641610826767,13.11606502532959,568000,0.0,0.0
13.078591344054315,13.322175423528106,13.041116870289118,13.303438186645508,326800,0.0,0.0
13.47207521533702,13.565761412940198,13.415863496775112,13.528286933898926,762200,0.0,0.0
13.528281607411124,13.528281607411124,13.191011428833008,13.191011428833008,460400,0.0,0.0
13.378387375633313,13.378387375633313,13.191015003425564,13.24722671508789,296600,0.0,0.0
13.322173446708627,13.415859617219937,13.228487276197312,13.397122383117676,396000,0.0,0.0
13.490812525708218,13.509549765327256,13.078593254089355,13.078593254089355,501600,0.0,0.0
13.15354196491323,13.228490921978267,13.134804725646973,13.134804725646973,306600,0.0,0.0
13.116062103315839,13.153536566468173,12.891215324401855,12.891215324401855,279600,0.0,0.0
12.816271227589462,12.872482943499945,12.628898841221194,12.797533988952635,429200,0.0,0.0
12.872479573863087,13.247224248502476,12.872479573863087,13.228487014770508,418800,0.0,0.0
13.228483470280965,13.509541900952653,13.228483470280965,13.490804672241213,444800,0.0,0.0
13.49081007461974,13.509547310834492,13.359649421116492,13.415861129760742,1046600,0.0,0.0
13.265960920617935,13.378384318250289,13.15353752298558,13.209749221801758,652400,0.0,0.0
13.284703556986376,13.415864240905847,13.20975459474668,13.359652519226074,1296000,0.0,0.0
13.284695060913172,13.340906746643412,13.24722060375968,13.265957832336426,584000,0.0,0.0
13.261449391521008,13.280233314171884,12.979690551757812,12.979690551757812,397400,0.055,0.0
13.017269623585234,13.261460828645275,12.923349929331374,13.186325073242188,1666200,0.0,0.0
13.148749113766035,13.223884822987554,13.092397331849892,13.111181259155273,719400,0.0,0.0
13.186321483416991,13.374160820787607,13.129969682205806,13.223889350891113,1062200,0.0,0.0
13.261453738527793,13.392941240184586,13.242669809719686,13.35537338256836,803600,0.0,0.0
13.411721287034965,13.787399754458912,13.411721287034965,13.71226406097412,926800,0.0,0.0
13.824978243250424,14.012817621555461,13.78741036758942,13.806194305419922,1976000,0.0,0.0
13.824977437003716,13.862545310473832,13.749841690063475,13.749841690063475,477800,0.0,0.0
13.749840804885107,13.749840804885107,13.599569320678713,13.599569320678713,282600,0.0,0.0
13.63713518866909,13.63713518866909,13.486863726534994,13.505647659301758,624600,0.0,0.0
13.524430440410404,13.524430440410404,13.3178071975708,13.3178071975708,379200,0.0,0.0
13.392943927786026,13.580783253561425,13.186320669433089,13.561999320983887,1137600,0.0,0.0
13.5619933968005,13.824968338012695,13.524425548055898,13.824968338012695,819600,0.0,0.0
13.824977437003716,13.824977437003716,13.655922006388181,13.749841690063475,543600,0.0,0.0
13.749841690063475,13.900113183943953,13.674705943123238,13.749841690063475,655400,0.0,0.0
13.824973005928845,14.181867689505813,13.693485490926802,13.731053352355955,1123000,0.0,0.0
13.674698948047011,13.862538219311393,13.674698948047011,13.7686185836792,637600,0.0,0.0
13.806186437932075,13.881322146437828,13.7686185836792,13.7686185836792,734600,0.0,0.0
13.787400222021684,13.787400222021684,13.637128829956055,13.637128829956055,484200,0.0,0.0
13.712267650498285,13.749835507074993,13.524428367614744,13.524428367614744,382800,0.0,0.0
13.524423556381397,13.524423556381397,13.31780041871446,13.374152183532715,313000,0.0,0.0
13.411720026744886,13.67469492923008,13.374152183532715,13.374152183532715,588800,0.0,0.0
13.599564291274323,13.881323219960946,13.599564291274323,13.862539291381836,695200,0.0,0.0
14.012812879923226,14.087948605820939,13.881325359602233,13.90010929107666,640400,0.0,0.0
14.087949569842506,14.294572830200195,14.012813838803346,14.294572830200195,745600,0.0,0.0
14.388495508505375,14.858093925884793,14.313359761724666,14.726606369018555,769000,0.0,0.0
14.707818296425133,15.008361199034074,14.576330776533716,14.595114707946776,792000,0.0,0.0
14.557545068036065,14.613896855396204,14.501193280675922,14.538761138916016,289800,0.0,0.0
14.426054356461865,14.463622206348484,14.256999031972075,14.407270431518555,440200,0.0,0.0
14.42606072676809,14.444844660006073,14.219437461150319,14.275789260864258,349600,0.0,0.0
14.275785669103847,14.519976739759569,14.20064995505593,14.463624954223633,255000,0.0,0.0
14.426061180873694,14.426061180873694,14.257005776410328,14.35092544555664,231600,0.0,0.0
14.426057581490698,14.501193298060961,14.388489723205565,14.388489723205565,233400,0.0,0.0
14.426061180873694,14.463629048532214,14.313357577898117,14.35092544555664,303800,0.0,0.0
14.294573644068851,14.35092544555664,14.219437908751802,14.35092544555664,151600,0.0,0.0
14.350921739992454,14.501193171824836,14.31335388203436,14.444841384887695,314800,0.0,0.0
14.36970874786377,14.36970874786377,13.862542556762696,14.087949752807615,342000,0.0,0.0
14.031596811397655,14.200652194667509,13.862541428127804,13.90010929107666,326000,0.0,0.0
13.975244719406655,14.219435823374784,13.956460788332185,14.163084030151367,372600,0.0,0.0
14.181866256684218,14.651464477104225,14.163082327867418,14.501193046569824,589200,0.0,0.0
14.426056143557197,14.632679343530025,14.200649016314115,14.613895416259766,662000,0.0,0.0
14.801735529978966,14.801735529978966,14.613896246603598,14.670248031616213,536600,0.0,0.0
14.576334906406087,14.651470653346324,13.712273816593358,13.749841690063475,598200,0.0,0.0
13.37415753347313,14.538761138916016,13.22388610051276,14.538761138916016,1564200,0.0,0.0
14.501191496694442,14.876870032878234,14.388487935839304,14.482407569885256,909200,0.0,0.0
14.27578614835017,14.538761156346094,14.200650431779904,14.388489723205565,554600,0.0,0.0
14.42606157125886,14.689036651984932,14.42606157125886,14.576333045959473,781400,0.0,0.0
14.61389635780082,14.952007070449172,14.61389635780082,14.764167785644533,952000,0.0,0.0
14.726604625019679,14.95201183866794,14.726604625019679,14.914443969726562,774400,0.0,0.0
15.027138710021973,15.045922633409502,14.933219093084336,15.027138710021973,718400,0.0,0.0
15.008360862731935,15.008360862731935,14.764169759833916,15.008360862731935,309400,0.0,0.0
14.93322782190127,14.970795690635615,14.7829563469639,14.820524215698242,570000,0.0,0.0
14.895657539367676,14.989577195984115,14.83930574539781,14.895657539367676,357800,0.0,0.0
14.989579200744627,14.989579200744627,14.839307730060472,14.989579200744627,461600,0.0,0.0
15.008362133487775,15.008362133487775,14.745387077331545,14.745387077331545,685400,0.0,0.0
14.745378347543571,14.858081876314603,14.632674818772536,14.651458740234375,511000,0.0,0.0
14.613895416259766,14.70781505261105,14.613895416259766,14.613895416259766,343600,0.0,0.0
14.745383482347538,15.158629898413329,14.745383482347538,15.083494186401367,466800,0.0,0.0
14.989576469277436,15.102280051753207,14.914440747626927,14.93322467803955,930000,0.0,0.0
14.895658856690533,14.91444278967501,14.801739191768146,14.876874923706055,184600,0.0,0.0
14.933225821264038,15.139849071621153,14.876874025712102,15.121065139770508,684000,0.0,0.0
15.290120448903536,15.459175834702227,15.10228113134944,15.421607971191404,664600,0.0,0.0
15.459176198447624,15.515527995039776,15.233769012079007,15.402824401855467,377400,0.0,0.0
15.448035983478322,15.561070393113527,15.316162505570581,15.372679710388185,630000,0.075,0.0
15.410364344770787,15.44804249720299,15.297329887474179,15.391525268554688,384600,0.0,0.0
15.749469787950462,16.352320306149522,15.674113473175574,16.29580307006836,1075200,0.0,0.0
16.276953498236566,16.276953498236566,15.561068969378939,15.71178150177002,1272200,0.0,0.0
15.674103368672247,15.824815901063328,15.655264302123365,15.71178150177002,1028600,0.0,0.0
15.711781134445705,15.881332729421734,15.655263936120358,15.749459266662598,1492200,0.0,0.0
15.711774277237227,16.16391166651024,15.6552571035781,15.975521087646484,1221200,0.0,0.0
16.032050706297678,16.0885679238287,15.956694416256333,16.06972885131836,616000,0.0,0.0
16.10741595241511,16.220450450326794,16.069737786444552,16.12625503540039,525400,0.0,0.0
16.126240965845486,16.126240965845486,15.692942435221136,15.71178150177002,745400,0.0,0.0
15.692947394483033,15.900177192009215,15.692947394483033,15.881338119506836,527600,0.0,0.0
15.824815309964693,15.824815309964693,15.466873058905966,15.674102783203125,703600,0.0,0.0
15.598751636851913,15.674107924952652,15.485717204700814,15.542234420776367,612400,0.0,0.0
15.4103572901352,15.579908898461866,15.33500101976779,15.42919635772705,638800,0.0,0.0
15.372678846228425,16.088563400342007,15.372678846228425,15.655264854431152,1021000,0.0,0.0
15.730621439196687,15.730621439196687,15.42919635772705,15.42919635772705,544600,0.0,0.0
15.485718932991881,15.523397081247337,15.146615598692787,15.184293746948242,465000,0.0,0.0
15.221972648733356,15.316168024034926,15.03358189813022,15.29732894897461,893600,0.0,0.0
15.297322912123597,15.579908926510116,15.18428850636899,15.523391723632812,802000,0.0,0.0
15.598750005002882,16.276956526959527,15.56107186489418,16.088565826416016,1055800,0.0,0.0
16.10740718481251,16.18276347573561,15.900177384773984,15.956694602966307,235200,0.0,0.0
15.975521087646484,16.050877319191986,15.90016485610098,15.975521087646484,89800,0.0,0.0
16.05088468152423,16.239275346800337,15.937850282358568,16.201597213745114,863400,0.0,0.0
16.27695677452481,16.653738181342508,16.27695677452481,16.446508407592773,818600,0.0,0.0
16.578385157186887,16.84213219377849,16.559546083144625,16.69141960144043,620000,0.0,0.0
16.7290989316743,16.766777082421314,16.27696112271013,16.389995574951172,554400,0.0,0.0
16.40882518941706,16.823284608667546,16.276951737837358,16.578376770019528,787600,0.0,0.0
16.465335682586392,16.578370023656777,16.276945114135742,16.276945114135742,436600,0.0,0.0
16.295796815339507,16.747934530447196,16.295796815339507,16.729095458984375,621400,0.0,0.0
16.653738797648572,16.879807650105338,16.352313661039545,16.766773223876953,1349600,0.0,0.0
16.766762778232913,16.766762778232913,15.994361346876119,16.050878524780273,1195400,0.0,0.0
15.900171900748086,16.032045364379886,15.805976569582516,16.032045364379886,1007800,0.0,0.0
16.069728455089386,16.069728455089386,15.655268870081219,15.824820518493652,1168400,0.0,0.0
15.805969566669107,15.975521087646484,15.6552571035781,15.975521087646484,587800,0.0,0.0
15.975521087646484,16.013199203419234,15.881325798214604,15.975521087646484,402800,0.0,0.0
16.013212577538553,16.35231590270996,15.975534430297287,16.35231590270996,699600,0.0,0.0
16.653733028065073,16.729089286110618,16.484181447462607,16.578376770019528,677600,0.0,0.0
16.57838287005935,16.5972219415026,16.389992155626857,16.540704727172848,476400,0.0,0.0
16.540699812082146,16.729090470534107,16.540699812082146,16.65373420715332,543200,0.0,0.0
16.72909794177039,16.82329331306414,16.65374164473539,16.67258071899414,912400,0.0,0.0
16.597215560519647,16.842123395124354,16.597215560519647,16.804445266723633,838600,0.0,0.0
16.86096935399941,16.955164713518958,16.57838327544076,16.87980842590332,1121400,0.0,0.0
16.84212726499976,17.105874224406914,16.804449127941595,16.992839813232422,684400,0.0,0.0
17.14355236146508,17.181230498523245,16.917483539116088,16.992839813232422,705400,0.0,0.0
17.01168250396831,17.030521576508697,16.804452706024065,16.823291778564453,928400,0.0,0.0
16.879805402057926,17.124713292935994,16.6914147167671,16.992839813232422,871400,0.0,0.0
17.030520602389494,17.06819874531514,16.653739173133093,16.729095458984375,903800,0.0,0.0
16.71025601076276,16.879807650105338,16.634899726610506,16.766773223876953,842600,0.0,0.0
16.917486759803815,17.011682120381785,16.860969543457028,16.860969543457028,619600,0.0,0.0
16.917482985185654,17.237747139693624,16.917482985185654,17.04935646057129,487000,0.0,0.0
17.18122845385448,17.40729724929993,17.143550321280234,17.200067520141598,407000,0.0,0.0
17.218909097754434,17.463816995206088,17.105874683545984,17.33194351196289,533400,0.0,0.0
17.396158493188555,17.717260224333184,17.396158493188555,17.69837188720703,735600,0.075,0.0
17.62282947465485,17.62282947465485,17.226174148858767,17.33950424194336,2540200,0.0,0.0
17.226166171714908,17.35838455241886,17.226166171714908,17.282831192016598,1495000,0.0,0.0
17.32061399415482,17.32061399415482,17.037288792505613,17.056177139282227,585800,0.0,0.0
17.093950323436573,17.43394049561542,17.037285294740098,17.377275466918945,646400,0.0,0.0
17.35838168096646,17.45282336584658,17.226163322134287,17.415046691894528,606600,0.0,0.0
17.452828838514247,17.509493867210722,17.226168723728346,17.377275466918945,232800,0.0,0.0
17.452834335027962,17.566164428112554,17.28283919540106,17.33950424194336,699000,0.0,0.0
17.35838428384503,17.415049303269985,17.245054244995114,17.245054244995114,570000,0.0,0.0
17.3961669921875,17.6794921875,17.377278645833332,17.566162109375,728200,0.0,0.0
17.603930201576258,17.755036898585494,17.566153527323948,17.69837188720703,798600,0.0,0.0
17.773933538206062,17.849486922002907,17.622826770612388,17.792821884155273,764800,0.0,0.0
17.868374384829874,17.981704454923932,17.849486039814195,17.943927764892578,440400,0.0,0.0
17.906151074861228,18.05725783498664,17.88726272984555,17.943927764892578,791800,0.0,0.0
18.1328125,18.397249348958333,18.095035807291666,18.1328125,692400,0.0,0.0
18.095033038746227,18.586129968816586,18.05725635181774,18.283916473388672,963600,0.0,0.0
18.43503156301346,18.888352011284283,18.43503156301346,18.68058013916016,742200,0.0,0.0
18.75612993790189,19.039455163549952,18.718353241148808,19.001678466796875,933800,0.0,0.0
18.963899996972845,19.133895116467627,18.737239837646484,18.737239837646484,949000,0.0,0.0
18.737237247419948,18.737237247419948,18.28391699143398,18.35947036743164,827200,0.0,0.0
18.397242929877304,18.58612632751465,18.321689570822368,18.58612632751465,963800,0.0,0.0
18.60501537812062,18.775010442489236,18.340578611325,18.4161319732666,780000,0.0,0.0
18.416135139072065,18.416135139072065,18.227251701748248,18.32169342041016,828400,0.0,0.0
18.623902808546898,19.17166465585711,18.586126129422066,19.096111297607425,855200,0.0,0.0
19.07723426818848,19.266117775794307,18.812797357540322,19.07723426818848,955800,0.0,0.0
19.096110428643428,19.946085670274442,19.096110428643428,19.77609062194824,1320000,0.0,0.0
20.021649033810608,20.399415996712698,19.908318944939985,20.116090774536133,1552400,0.0,0.0
20.248314364451282,20.38053283511468,19.983877423124493,20.02165412902832,755000,0.0,0.0
19.946100717220663,20.02165412902832,19.62499871703814,20.02165412902832,2002600,0.0,0.0
20.3994047972279,20.588288174980008,20.248298095026207,20.43718147277832,1290600,0.0,0.0
20.418295174314267,20.47496019329941,20.286076796682252,20.45607185363769,441600,0.0,0.0
20.5882939721784,20.70162403074085,19.870536934616226,19.88942527770996,794000,0.0,0.0
20.097197403446323,20.55051764562932,20.021644029749158,20.493852615356445,708600,0.0,0.0
20.512746739131146,21.079397201538086,20.30497490291527,21.079397201538086,1022600,0.0,0.0
21.07940223546872,21.759382952741905,21.07940223546872,21.570499420166016,1472800,0.0,0.0
21.57049683067533,21.75938034057617,21.268283214834,21.75938034057617,1312800,0.0,0.0
21.68382334064793,22.873789255683487,21.68382334064793,22.36380386352539,1613600,0.0,0.0
22.74156686479359,23.119333756235353,22.684901831077326,22.911561965942386,1430400,0.0,0.0
22.81712333326664,22.854900027527016,21.513827381283694,21.664934158325195,2139000,0.0,0.0
21.608259201049805,21.816030924136818,21.55159418566244,21.608259201049805,1413000,0.0,0.0
21.608270966451226,21.627159315198124,20.871625365322206,21.079397201538086,1964600,0.0,0.0
21.079390096664426,21.173831808567048,21.022725069522856,21.154943466186523,1200800,0.0,0.0
21.457155960241398,22.04269454718461,21.457155960241398,21.834922790527344,2310200,0.0,0.0
22.061593956417507,22.137147360377842,21.68382693661584,21.75938034057617,1262600,0.0,0.0
21.683818648644976,21.70270699241557,21.343828460774237,21.38160514831543,1295400,0.0,0.0
21.45715891296118,21.55160063352879,21.23049878359891,21.438270568847656,906000,0.0,0.0
21.438276710408353,21.438276710408353,20.966067972293626,21.21161651611328,1286800,0.0,0.0
21.154951467539515,21.230504865637872,20.62607768085103,21.21161651611328,2205600,0.0,0.0
21.28716827770611,21.38161001806861,20.947178012401128,20.966066360473636,644200,0.0,0.0
20.550521850585934,20.72051697618821,20.5316335032968,20.550521850585934,963000,0.0,0.0
20.512743755967506,20.588297139967388,19.832763299968587,20.342748641967773,1436000,0.0,0.0
20.134981586087136,20.134981586087136,19.51166602103941,19.908321380615234,988600,0.0,0.0
20.210524488216574,20.83383972944195,20.09719444435742,20.607179641723636,2441400,0.0,0.0
20.172754153840195,20.852734630935934,20.172754153840195,20.720516204833984,1972600,0.0,0.0
20.85272529375842,21.173827041941298,20.85272529375842,21.022720336914066,1605400,0.0,0.0
21.022721144852625,21.268269549958717,21.022721144852625,21.13605117797852,491800,0.0,0.0
21.15493938193552,21.173827720669387,21.003832672064547,21.117162704467773,564800,0.0,0.0
21.07938602700003,21.173827720669387,20.947167655862934,21.117162704467773,797800,0.0,0.0
21.192720150947572,21.268273520469663,21.06050175428391,21.154943466186523,420000,0.0,0.0
21.192725480070507,21.89159432388745,21.15494878581013,21.664934158325195,1137200,0.0,0.0
21.627152025699615,21.853812134265894,21.136055123806,21.154943466186523,1422000,0.0,0.0
21.23048810128844,21.36270644355625,21.154934762849688,21.26826477050781,460200,0.0,0.0
21.192716761899486,21.211605101259472,20.947168350219727,20.947168350219727,700000,0.0,0.0
20.928289914302688,21.21161513877429,20.928289914302688,21.00384330749512,514400,0.0,0.0
21.079395815473877,21.13606085798859,20.871623992919922,20.871623992919922,413000,0.0,0.0
20.966062287561297,21.06050400957734,20.928285598754886,20.928285598754886,810000,0.0,0.0
21.11717339728376,21.136061745581863,20.9471782626008,21.00384330749512,789400,0.0,0.0
20.966062443960602,21.287164301210453,20.966062443960602,21.230499267578125,1167400,0.0,0.0
21.17384400175666,21.570499420166016,21.15495564849907,21.570499420166016,1185200,0.0,0.0
21.570492942568283,21.79715311359352,21.41938616188479,21.457162857055664,1037800,0.0,0.0
21.438276710408353,21.457165059932933,21.09828641896575,21.21161651611328,676400,0.0,0.0
21.17383431038356,21.17383431038356,20.588295627402392,20.682737350463867,828400,0.0,0.0
20.595662731633148,20.82282077646734,20.33064501265993,20.76603126525879,924800,0.075,0.0
20.78496431103713,21.201420790857547,20.747104631053453,21.04998207092285,674600,0.0,0.0
20.822820628261205,21.012118997609047,20.330644867956856,20.519943237304688,7354800,0.0,0.0
20.444215346138165,20.51993466223497,20.046688936629923,20.31170654296875,1814600,0.0,0.0
20.519942148401295,20.519942148401295,20.160275265726366,20.42529296875,1570400,0.0,0.0
20.557795176291094,20.728163644602894,20.519935516666244,20.57672500610352,815200,0.0,0.0
20.595660733309654,20.82281875610352,20.57673089807684,20.82281875610352,1055400,0.0,0.0
20.841754665219682,20.993193391215836,20.766035302221614,20.9553337097168,719200,0.0,0.0
21.012113975859585,21.42857028889464,20.974254311038216,21.14462280273437,998400,0.0,0.0
21.16355724717184,21.807171689393524,21.16355724717184,21.712522506713867,945600,0.0,0.0
21.712529078882756,21.712529078882756,21.46644112942724,21.61787986755371,617400,0.0,0.0
21.76931548536869,21.882894522683664,21.58001708984375,21.58001708984375,1045600,0.0,0.0
21.63679039922955,21.63679039922955,21.087825463466068,21.314983367919922,675600,0.0,0.0
21.201413215847193,21.428571214588413,20.63351821899414,20.63351821899414,474500,0.0,2.0
20.74710034101437,21.12569706256573,20.368503619463013,20.6713809967041,795100,0.0,0.0
20.974253083667616,21.12569173409121,20.595656457608637,20.747095108032227,521100,0.0,0.0
20.633521324548965,21.04997771825546,20.44422296377329,20.6713809967041,559700,0.0,0.0
20.898540270006333,21.54215473484349,20.860680595604148,21.01211929321289,1337000,0.0,0.0
21.12569087313623,22.03432273864746,20.936392567821386,22.03432273864746,3057300,0.0,0.0
22.412922106291123,23.132255754972764,22.11004478053043,23.0186767578125,1322300,0.0,0.0
23.094397617762624,24.268047332763672,23.01867828131094,24.268047332763672,1446000,0.0,0.0
24.268054271135174,24.268054271135174,22.90510582533039,23.09440422058105,1170100,0.0,0.0
22.753663865981565,23.62443636002079,22.60222517136605,23.472997665405273,773600,0.0,0.0
23.700151558232502,24.192327229569603,23.245835553921328,23.283695220947266,747600,0.0,0.0
23.359416387058577,24.00303077697754,23.09439869709195,24.00303077697754,770100,0.0,0.0
24.19232489168644,24.45734253525734,23.62442994117737,24.23018455505371,1454400,0.0,0.0
24.305906750201405,24.34376641803661,22.94295870813404,23.35941505432129,885200,0.0,0.0
23.92730007910913,24.60877381553945,23.775861471013503,24.419475555419922,883700,0.0,0.0
24.57092715554889,24.798085187803586,24.15447076308196,24.64664649963379,496900,0.0,0.0
24.495198316418218,25.517409065325932,24.45733865905127,25.479549407958984,607300,0.0,0.0
25.441690805796032,25.820287395167995,24.760216944926487,25.21453285217285,825700,0.0,0.0
25.214540972681107,25.29026031494141,24.41948787894792,25.29026031494141,552600,0.0,0.0
25.36597613530057,25.36597613530057,24.722361815449663,24.76022148132324,421300,0.0,0.0
25.138810925367398,25.214530235383574,24.53305644523807,24.83593368530273,712100,0.0,0.0
24.76022958755493,24.76022958755493,24.078755378723145,24.533071517944336,1128800,0.0,0.0
24.60877866456003,25.10095423785123,24.268041729204587,24.98737525939941,1304400,0.0,0.0
24.91165144973732,25.25238832366989,24.684493533782266,25.025230407714844,659400,0.0,0.0
25.025234044316306,25.290251651442194,24.911655069833774,25.138813018798828,527300,0.0,0.0
24.230188927283653,24.98738233126127,23.662293874300445,24.60878562927246,2014000,0.0,0.0
24.230182690157992,24.381621331971477,23.5487088019973,23.8137264251709,1153800,0.0,0.0
24.040889801917142,24.078749470896536,23.056538408452816,23.321556091308594,739700,0.0,0.0
23.283692031347453,23.283692031347453,22.22362149983895,22.526498794555664,1272800,0.0,0.0
22.67793237641203,22.67793237641203,22.261476189199122,22.48863410949707,1517100,0.0,0.0
22.450783557891846,23.018678588867193,22.41292388916016,22.715801239013672,665100,0.0,0.0
23.01867755176575,23.397274222025057,22.60222121448052,23.283695220947266,1132000,0.0,0.0
23.17012357868132,23.473001011082378,22.48864935577893,23.09440422058105,724600,0.0,0.0
23.170121128494678,23.245840478587798,22.375067952516922,22.41292762756348,730800,0.0,0.0
22.375059355896106,22.412919016396774,21.84502410888672,21.84502410888672,701500,0.0,0.0
21.920751687358408,21.958611362120685,20.444224371629602,20.59566307067871,792900,0.0,0.0
20.671379224830694,20.784958231560534,20.06562452227156,20.25492286682129,1624900,0.0,0.0
20.217062346926845,21.428571701049805,20.217062346926845,21.428571701049805,1222800,0.0,0.0
21.61787012479031,22.375063474170013,21.58001045732133,21.731449127197266,1160100,0.0,0.0
21.807174190398182,21.882893545225958,21.12569999694824,21.12569999694824,519500,0.0,0.0
20.14134521484375,20.557801600864963,19.30843244280134,19.87632751464844,2203900,0.0,0.0
20.292778772252202,20.330638434140734,19.497725872593072,19.838462829589844,1652400,0.0,0.0
19.687035891089106,19.83847462871287,18.854122834158414,19.119140625,1336000,0.0,0.0
18.77839736483443,19.42201179064529,18.77839736483443,19.043415069580078,702000,0.0,0.0
19.043416040183523,19.194854736328125,18.702678973858173,19.194854736328125,787500,0.0,0.0
19.308436791673838,21.1257014308902,19.232717431706487,21.04998207092285,1675800,0.0,0.0
21.655733934089323,21.73145328350921,19.98990824685168,20.29278564453125,909800,0.0,0.0
20.671377978747405,20.974255311769344,20.368500645725465,20.9363956451416,637900,0.0,0.0
20.595658456813023,20.595658456813023,19.838465131194894,20.33064079284668,679300,0.0,0.0
20.17920037426995,20.557797004181207,18.740533180607176,19.497726440429688,1835600,0.0,0.0
19.687030412174238,20.747101280522077,19.687030412174238,20.519943237304688,2006700,0.0,0.0
20.29278564453125,20.29278564453125,19.98990824685168,20.29278564453125,485900,0.0,0.0
20.148595166760824,20.186539790427037,19.27586882243785,19.579425811767575,795100,0.075,0.0
19.807091799649324,20.11064876209606,18.137528506192293,18.7825870513916,1416300,0.0,0.0
18.630806543094252,18.78258500780378,17.264800360708527,17.530412673950195,1560200,0.0,0.0
17.41657882541805,17.758080371014486,16.24029572391923,17.530412673950195,2700600,0.0,0.0
17.530414926594702,18.516975073978816,17.416581063434993,17.606304168701172,1351900,0.0,0.0
17.302748706853276,17.302748706853276,16.164409976139247,16.240299224853516,2294500,0.0,0.0
16.543853458605312,16.69563193070261,15.291681063802619,15.86085033416748,1288900,0.0,0.0
17.302745020666787,17.302745020666787,15.3296249744504,16.316184997558597,2191900,0.0,0.0
16.771529033413405,16.999196848346614,15.633189958747337,16.961252212524414,1376600,0.0,0.0
16.467965537104117,17.644248789754407,16.278242431837935,17.606304168701172,2178600,0.0,0.0
17.682196657536394,18.630812358048004,17.682196657536394,17.90986442565918,1405400,0.0,0.0
18.327250556466968,18.479029028984293,17.947804375173657,18.137527465820312,833400,0.0,0.0
18.099586486816406,18.36519886712608,17.644250977714105,18.099586486816406,854100,0.0,0.0
18.32725193744569,19.275867462158203,18.32725193744569,19.275867462158203,1993500,0.0,0.0
19.275863385969593,19.8450325804372,18.782583417431,18.820528030395508,2483600,0.0,0.0
18.668751711101198,19.95886869926673,18.668751711101198,19.693256378173828,1771900,0.0,0.0
18.9723104942502,19.389701325123703,18.592864284365195,19.275867462158203,1054600,0.0,0.0
20.186537082085827,20.262426319236532,18.74464157622256,19.01025390625,1434100,0.0,0.0
19.010249232068478,19.010249232068478,18.213412437909923,18.44108009338379,1920300,0.0,0.0
18.061637260653228,18.78258496643561,17.5304126353399,18.7446403503418,1609300,0.0,0.0
18.441089538021586,19.08614822556555,18.441089538021586,18.85848045349121,745500,0.0,0.0
18.782586881429843,19.579423900642016,18.32725144188003,19.162033081054688,908100,0.0,0.0
19.010252177477827,19.351753713600193,18.97230756235313,19.04819679260254,663000,0.0,0.0
18.896421421253372,19.427646119842827,17.909861266730108,19.31381225585937,2074300,0.0,0.0
18.896421284511174,18.896421284511174,17.606304168701172,17.606304168701172,1276900,0.0,0.0
17.606307505412275,17.606307505412275,14.343069476391895,15.747020721435547,4438100,0.0,0.0
15.215793184955006,15.481405534817062,14.41895613536883,14.912236213684082,1691800,0.0,0.0
15.17785143790627,15.747020866827755,14.0395125800633,14.684571266174315,2823500,0.0,0.0
14.950177743699815,15.026066970825195,13.39444858762953,13.66006088256836,2477900,0.0,0.0
13.052949471157634,13.546229538381615,11.535164648930007,13.166783332824707,3215600,0.0,0.0
13.811840518828363,14.41895438778785,13.508283584348616,14.115397453308105,1374000,0.0,0.0
15.481402397155762,15.709070079466875,15.026067032533534,15.481402397155762,1206500,0.0,0.0
15.519342189249786,15.557286791179493,13.7359458985536,13.963613510131836,1332200,0.0,0.0
13.925675652243875,15.101958881724965,13.81184179132635,14.608678817749025,1249900,0.0,0.0
14.570731667911305,15.481402397155762,14.34306398560019,15.481402397155762,2084500,0.0,0.0
16.1264632934849,16.771521825224298,15.93674019591449,16.619743347167972,2415500,0.0,0.0
16.69562812612838,18.061634063720703,16.61973890737325,18.061634063720703,1424200,0.0,0.0
18.82053408948293,19.65531584345193,18.668755588761293,18.89642333984375,2030900,0.0,0.0
19.124091090926203,19.124091090926203,18.44108783767884,18.89642333984375,988800,0.0,0.0
18.89641725632452,19.655309515614665,18.820528030395508,18.820528030395508,1185700,0.0,0.0
18.93436772310281,18.93436772310281,17.79602898223491,17.98575210571289,1227100,0.0,0.0
17.909855626210447,18.441080157496348,17.833966407455314,18.061634063720703,771700,0.0,0.0
17.985753760850137,18.592867811849295,17.985753760850137,18.36520004272461,765000,0.0,0.0
18.28930995359799,18.327254580057737,17.75808518316153,18.17547607421875,806400,0.0,0.0
18.28930698741566,18.820531671697445,18.06163926558061,18.7825870513916,650100,0.0,0.0
18.820524532362302,19.65530586242676,18.744635320538254,19.65530586242676,1252400,0.0,0.0
19.73119790421845,19.95886557234405,19.048194899841658,19.84503173828125,1230400,0.0,0.0
20.03475882260854,20.64187272632395,19.76914648973305,19.882980346679688,1375500,0.0,0.0
19.882979147361983,20.565982247843888,19.845034530668553,20.034757614135746,1297700,0.0,0.0
19.80709651214216,21.21104779748557,19.313816330805285,21.13515853881836,1609100,0.0,0.0
21.021317648165155,21.021317648165155,19.882979147361983,20.034757614135746,1799200,0.0,0.0
19.958865669336213,20.338311784722837,19.73119800010424,20.262422561645508,872700,0.0,0.0
20.262427414788142,20.60392900043064,20.224482794161197,20.490095138549805,1016000,0.0,0.0
20.528038024902344,20.64187187716613,20.14859185068973,20.528038024902344,896000,0.0,0.0
19.882980346679688,20.072703441590754,19.503534156857558,19.882980346679688,1413700,0.0,0.0
19.807090230070784,19.845034847369767,19.275865587884983,19.693256378173828,787800,0.0,0.0
19.69325954573495,19.807093415941512,18.85847783088684,19.12409019470215,1939800,0.0,0.0
18.97231066390901,19.693258469137554,18.9343660425812,19.31381225585937,953700,0.0,0.0
19.313812083146704,19.579424430066204,19.1620335991927,19.275867462158203,801000,0.0,0.0
19.275867806228934,19.503535536223765,19.12408931956572,19.351757049560547,1219600,0.0,0.0
19.73120272601092,20.79365210356536,19.655313484757034,20.490095138549805,874200,0.0,0.0
20.64187155983665,20.945428494540128,20.565982326160782,20.869539260864254,2062500,0.0,0.0
21.24899418233968,21.514606609618927,21.02132638752889,21.09721565246582,1251800,0.0,0.0
21.228074782235282,21.41829050609044,21.15198849269322,21.304161071777344,874100,0.09,0.0
21.304164628541344,21.456337233030922,21.304164628541344,21.380250930786133,545800,0.0,0.0
21.38025030191394,21.418293451917343,20.999818801879886,20.999818801879886,700200,0.0,0.0
21.45633161172716,21.76067674097152,21.30415904710498,21.646547317504886,2074800,0.0,0.0
21.60849952697754,21.722628925887637,21.22806819727723,21.60849952697754,1219500,0.0,0.0
21.988937622971005,22.06502391232384,21.760678754912487,21.912851333618164,1430700,0.0,0.0
22.10306666697513,22.33132553100586,21.91285094694953,22.33132553100586,787200,0.0,0.0
22.29328813135423,22.711762823239717,21.988942900892052,22.59763336181641,782200,0.0,0.0
22.635671958494722,23.73892319680791,22.635671958494722,23.70088005065918,2075000,0.0,0.0
23.700894283127745,23.700894283127745,22.825901396270698,23.47263526916504,1342900,0.0,0.0
23.548708903079,23.891097239311172,22.97806167602539,22.97806167602539,3289700,0.0,0.0
24.043270759333197,24.157400209140157,23.092192010941854,23.28240776062012,5577700,0.0,0.0
22.445449039853848,22.52153530778556,21.72262949450263,22.065017700195312,2507700,0.0,0.0
22.29328813135423,23.09219436131744,22.103072362315373,22.59763336181641,1959600,0.0,0.0
22.521543754965574,22.940018385547706,22.369371162026614,22.445457458496094,1136700,0.0,0.0
22.978062487024022,24.880219977671707,22.90197618739812,24.157400131225586,3154900,0.0,0.0
24.72805601995696,24.880228672387467,24.157408573342572,24.195451736450195,4616200,0.0,0.0
24.65196021467317,26.13564300537109,24.42370132379657,26.13564300537109,19344000,0.0,0.0
26.02151355993279,26.325858747768265,25.831297817535624,26.13564300537109,4925600,0.0,0.0
26.097607728578843,26.744341447800185,26.097607728578843,26.5921688079834,2925200,0.0,0.0
26.744333405541248,27.27693748474121,26.401945068912692,27.27693748474121,692900,0.0,0.0
27.276923073367485,27.543224972270657,26.782362403975892,27.31496620178223,1022900,0.0,0.0
27.46715022582201,29.06496228881997,27.31497764839364,28.79866027832031,2180900,0.0,0.0
28.45627919651518,28.608451812539325,27.961718194436713,28.34214973449707,2031200,0.0,0.0
28.76062050461769,29.52148348093033,28.494318462908268,29.217138290405273,3449800,0.0,0.0
29.21714075395461,29.21714075395461,27.35302630480907,27.65737152099609,3053200,0.0,0.0
27.695419042372475,28.57041167695293,27.65737588434724,28.03780746459961,2277200,0.0,0.0
28.912786720296012,28.912786720296012,28.38018275439582,28.836700439453125,2539700,0.0,0.0
28.53236497642201,28.570408129723912,28.075847136799254,28.49432182312012,1493400,0.0,0.0
28.45626974105835,28.45626974105835,27.84757947921753,27.99975204467773,1828900,0.0,0.0
27.84758758544922,27.961717042766637,27.276940298862144,27.84758758544922,1594700,0.0,0.0
27.54324197434777,27.77150088573739,26.782378936382365,27.1247673034668,1557300,0.0,0.0
25.94542708342103,26.782376344176544,25.488909304827107,26.478031158447266,2730200,0.0,0.0
27.08672660955504,27.581287629111518,26.516079279297557,27.23889923095703,1593700,0.0,0.0
27.467150811183465,27.771495972526218,26.934546778833646,27.429107666015625,1061600,0.0,0.0
27.505194869325113,27.581281162186322,25.793253279948033,26.858461380004886,1639100,0.0,0.0
26.706291820226088,28.60844935727923,26.592162368002906,27.08672332763672,933400,0.0,0.0
26.782372730266122,26.972588445679943,25.75520786703148,26.40194129943848,1209900,0.0,0.0
26.0215074981063,26.211723196191873,25.45086040384959,25.94542121887207,1013200,0.0,0.0
26.478037698710157,26.97259874768032,26.173692437805443,26.51608085632324,1293300,0.0,0.0
26.554120362380452,27.733458086211108,26.516077209998823,27.58128547668457,1145500,0.0,0.0
27.73345358778791,28.380187073374184,27.08672010220164,28.075841903686523,1367700,0.0,0.0
27.999750893259925,29.103001947478045,27.999750893259925,28.988872528076172,957600,0.0,0.0
29.06496824033701,29.90191758757184,28.798666175307737,29.863874435424805,1616500,0.0,0.0
29.597570674935564,29.7497432748067,29.255182325225515,29.521484375,887800,0.0,0.0
29.2932254751933,29.597570674935564,28.608448775773198,29.521484375,970300,0.0,0.0
29.521484375,29.82582957474227,29.10300972535438,29.521484375,1099400,0.0,0.0
29.445393732390915,29.445393732390915,28.79866027832031,28.79866027832031,576900,0.0,0.0
28.836711863226963,28.836711863226963,27.847589820424986,28.570409774780273,721400,0.0,0.0
28.57040743860705,28.57040743860705,27.58128547668457,27.58128547668457,831400,0.0,0.0
27.581290681760088,27.733463320004283,26.630211692733873,26.668254852294922,1404900,0.0,0.0
26.66825190069955,27.23889923095703,26.478036123947053,27.23889923095703,1258600,0.0,0.0
27.16281509399414,27.69541931152344,26.93455614362444,27.69541931152344,787700,0.0,0.0
27.847585567208228,28.113887614982072,26.09760068183721,26.173686981201172,983600,0.0,0.0
26.40194723310261,26.896508204327887,25.98347256514278,26.059558868408203,911400,0.0,0.0
26.02151649935783,26.02151649935783,25.45086920770525,25.831300735473636,857100,0.0,0.0
25.733710848051924,27.678035667682515,25.619338799838363,27.639911651611328,835800,0.09,0.0
27.487404950633035,28.059264970410425,27.18241294008509,27.98301696777344,792500,0.0,0.0
28.13552452977332,29.088624954223636,28.13552452977332,29.088624954223636,1224800,0.0,0.0
29.088621461278834,29.20299349847914,28.05927312647605,28.24989318847656,885800,0.0,0.0
28.51676127527729,28.974249424078533,27.98302510167584,28.24989318847656,816700,0.0,0.0
28.135508780283477,28.364252754106914,27.525524850087624,27.83051681518555,900700,0.0,0.0
27.75427889020256,27.79240289966712,26.458062568407378,27.14429473876953,1162900,0.0,0.0
26.991786956787113,27.37302688555529,26.49617504938848,26.99178695678711,938700,0.0,0.0
27.18240830022045,27.18240830022045,26.68679636767787,26.763044357299805,762200,0.0,0.0
26.610549663296705,26.83929364321043,25.886193726903247,26.496177673339844,848600,0.0,0.0
26.496177673339844,26.686797656601282,26.191185700121547,26.496177673339844,998500,0.0,0.0
26.763041847910962,27.29677772521973,26.72491785667462,27.29677772521973,830700,0.0,0.0
27.373038795556923,27.449286814486047,26.839302663053022,27.14429473876953,652500,0.0,0.0
27.144297703334264,27.373041785103933,26.686809539794922,26.686809539794922,643200,0.0,0.0
26.686794228023953,27.44927406311035,26.53429826100668,27.44927406311035,783600,0.0,0.0
27.525528870045253,28.554876902581558,27.525528870045253,27.94489288330078,1340200,0.0,0.0
28.097388381643174,28.288008384232345,27.144288368697342,27.716148376464844,998100,0.0,0.0
27.601787635540138,28.02115181232321,27.334919523041826,27.639911651611328,608000,0.0,0.0
27.60177368971631,27.678021683334308,26.7630457599183,27.373029708862305,1439200,0.0,0.0
27.22052453791053,27.52551640948376,26.38179689108416,27.48739242553711,939000,0.0,0.0
27.52551640948376,27.868632265003637,27.373020473697142,27.48739242553711,1475300,0.0,0.0
28.211763381958004,28.974243473362275,27.94489534996651,28.21176338195801,2722000,0.0,0.0
28.17362872322837,28.47862064445412,27.14428098909148,27.75426483154297,926900,0.0,0.0
27.678038519201145,27.830534599196746,26.839310079225353,27.06805419921875,940500,0.0,0.0
27.144292361337804,27.220540373588754,26.458060251079267,26.91554832458496,704900,0.0,0.0
27.144291099817128,28.13551521301269,26.991795082402426,28.13551521301269,668000,0.0,0.0
28.13551537281758,28.364259400238858,27.449283290553737,28.21176338195801,877300,0.0,0.0
28.97423508241005,29.58421897888184,28.5167471600562,29.58421897888184,1063200,0.0,0.0
29.584217350657397,29.927333273538732,29.2029774363448,29.698589324951172,1135700,0.0,0.0
29.77485054094665,30.15609062469757,29.279238432070464,29.62235450744629,1587600,0.0,0.0
30.041715781296354,30.15608779569216,29.469855709317365,30.117963790893555,800800,0.0,0.0
30.346711260006753,31.642927570107545,30.270463241765533,30.88044738769531,1198400,0.0,0.0
30.880440062126226,30.880440062126226,29.96546406028545,30.156084060668945,1828400,0.0,0.0
30.079822660523966,30.88042630548088,30.079822660523966,30.84230232238769,1133500,0.0,0.0
30.842326216390614,31.414186405816892,30.613582140620107,31.37606239318848,1077300,0.0,0.0
31.490420189589084,31.83353614807129,31.26167621726761,31.83353614807129,1464800,0.0,0.0
31.49043487834039,32.6341552734375,31.26169079932097,32.6341552734375,1032600,0.0,0.0
32.329144540800726,32.48164050561583,31.147300813483724,31.1854248046875,994800,0.0,0.0
31.2616789742802,31.33792697177844,30.42295100179951,30.537322998046875,1483200,0.0,0.0
30.575449153494745,30.68982115780957,29.20298510171693,29.774845123291016,1442500,0.0,0.0
29.660464707841268,29.660464707841268,28.36424902652173,28.66924095153809,1205800,0.0,0.0
28.669245600368317,29.927337495065327,27.258657718435305,27.373029708862305,1277200,0.0,0.0
27.449277614449855,28.36425353493152,27.258657631016177,27.33490562438965,1803700,0.0,0.0
27.41115829619494,27.44928229938854,25.809950162063945,26.839298248291016,2428400,0.0,0.0
26.953668932174143,28.288008978321376,26.6486769216262,27.98301696777344,1520400,0.0,0.0
28.516750936950285,29.20298291136887,28.13551095116217,28.783618927001953,1156300,0.0,0.0
26.53431348528181,27.220545730590814,26.22932137625558,26.686809539794922,4118900,0.0,0.0
26.991794261065394,27.182414277033374,26.343686206774283,26.839298248291016,1357100,0.0,0.0
26.76305044796945,26.915546461917998,25.96244637473959,26.03869438171387,1060900,0.0,0.0
26.19119250864557,26.5343085677108,24.81872827238467,25.19996833801269,1138200,0.0,0.0
25.238091152817454,26.07681925759387,24.094371009940527,25.54308319091797,1781600,0.0,0.0
25.924318242369853,27.792394115717087,25.886194244954595,27.563650131225586,1687000,0.0,0.0
27.449282425239986,27.487406428608374,25.46683425008377,26.00057029724121,1779200,0.0,0.0
25.77182975701526,25.886201782564143,25.390589671852318,25.84807777404785,2004500,0.0,0.0
25.92432229050443,26.496182341030263,25.695578270294103,26.00057029724121,1189600,0.0,0.0
26.000571810160288,26.381811866027746,25.80995178222656,25.80995178222656,641900,0.0,0.0
25.924318403132784,26.91554234207609,25.695574417222787,26.80117034912109,1424200,0.0,0.0
26.801167990894925,26.915539973786363,26.53430003081489,26.61054801940918,900200,0.0,0.0
26.763051119717694,27.33491118637832,25.92432302194875,27.258663177490234,1001100,0.0,0.0
27.33491478609235,27.639906861808864,27.02992271037584,27.14429473876953,718300,0.0,0.0
26.68679712126667,26.839293104816765,26.038689191178765,26.267433166503906,620800,0.0,0.0
26.229325203668505,26.267449222859877,25.619340896606445,25.619340896606445,1224500,0.0,0.0
25.924329267229353,26.7249335534232,25.771833212716235,26.686809539794922,1404500,0.0,0.0
26.991786162058517,27.44927406311035,26.381802293989395,27.44927406311035,1034500,0.0,0.0
27.44928319971045,27.83052324415087,27.106167159714065,27.258663177490234,1006100,0.0,0.0
27.449273150900137,27.716141084311662,26.07680949335513,26.305553436279297,1112800,0.0,0.0
26.229313147996002,26.496181159676194,25.31433710794963,25.466833114624023,1349100,0.0,0.0
25.619323087993426,25.695571073374357,24.704347263422232,25.35245513916016,1674200,0.0,0.0
25.445688922230786,25.48389566235426,24.643347379637927,25.06362152099609,1158100,0.09,0.0
24.910788784206478,24.9489955154706,23.535346458698143,24.37589454650879,2741400,0.0,0.0
24.337693458650175,25.21644848148997,24.337693458650175,25.06362152099609,2540600,0.0,0.0
24.681546065184445,25.71312771187172,24.299478788633603,25.44568061828613,1453300,0.0,0.0
25.483893076578774,25.90416717529297,24.490517934163407,24.98720550537109,1408900,0.0,0.0
25.90415407676065,27.661663055419922,25.751327209051148,27.661663055419922,4087300,0.0,0.0
27.66167639614491,27.89091680826765,26.897541689069087,27.20319557189941,1016200,0.0,0.0
26.057004429743838,27.394240727457966,25.71314366747449,27.317827224731445,876200,0.0,0.0
26.897547411206443,27.08858112861557,26.591893463351823,26.85934066772461,969900,0.0,0.0
27.203199360031928,27.58526676677395,26.97395891598672,27.43243980407715,948100,0.0,0.0
27.050364233262048,27.4324315246923,26.973950774976,27.35601806640625,876500,0.0,0.0
27.432439207862092,28.00554030551937,26.59189093129807,27.012165069580078,1314500,0.0,0.0
27.01217196969425,27.279619216918945,26.74472472246955,27.279619216918945,474500,0.0,0.0
27.2796039820715,27.699877992999767,27.16498379727288,27.39422416687012,1084100,0.0,0.0
27.661668673428625,29.419178009033203,27.547048499367445,29.419178009033203,1316100,0.0,0.0
29.342767670398626,29.342767670398626,28.884286925548643,29.113527297973636,1431100,0.0,0.0
29.151736067275127,30.25973127822006,29.151736067275127,30.14511108398437,1397400,0.0,0.0
30.18332034042201,30.48897421728704,29.15173850600252,29.648426055908203,703300,0.0,0.0
29.64842608002133,30.259733834248575,29.075325060433286,30.22152709960937,881300,0.0,0.0
29.877655649612564,29.954069091171675,29.648415324935232,29.83944892883301,836400,0.0,0.0
29.954075466058196,29.954075466058196,29.41918126130716,29.80124855041504,933500,0.0,0.0
29.419196471571922,29.53381671756506,28.65506149828434,29.342782974243164,740300,0.0,0.0
29.419190779976226,29.839464933975894,28.96070988470387,28.99891662597656,1581300,0.0,0.0
28.76968114369843,29.2663688659668,28.61685415223124,29.2663688659668,2020600,0.0,0.0
29.113531771394392,29.877666463556977,28.807877894529362,29.648426055908203,1559200,0.0,0.0
28.731466901007806,29.457394921113053,28.693260163107524,29.3809814453125,1232100,0.0,0.0
29.22815448879578,29.839462295097388,28.84608710985727,29.49560165405273,617900,0.0,0.0
29.495601629817045,30.22152964920373,29.2663612026423,30.068702697753906,705200,0.0,0.0
30.183327866547163,30.87104926097482,29.99229414587281,30.794635772705078,1140500,0.0,0.0
30.56539090952479,30.794631341346225,30.25973700042955,30.488977432250977,1506300,0.0,0.0
30.718214006134964,30.79462747381191,30.14511299855781,30.25973320007324,474800,0.0,0.0
29.64842857650564,30.18332290649414,29.342774673655057,30.18332290649414,927500,0.0,0.0
30.030488901616984,30.145109088264373,29.61021488390988,29.686628341674805,484200,0.0,0.0
29.572012591576236,29.801252999262882,28.846084633901892,29.76304626464844,1105000,0.0,0.0
29.91587577088509,29.91587577088509,29.22815448879578,29.49560165405273,780300,0.0,0.0
29.610217440768587,30.03049149476659,29.342770315497127,29.87766456604004,761000,0.0,0.0
29.34276455965909,29.686625081842603,29.266351110284983,29.419178009033203,663600,0.0,0.0
29.457384733720254,29.533798183094373,29.228144385597922,29.419178009033203,956800,0.0,0.0
29.419185648259425,29.954079932773233,29.228151975218786,29.648426055908203,723700,0.0,0.0
29.57201513481388,29.610221872714163,29.151741017910837,29.3809814453125,1172800,0.0,0.0
29.342760293993944,29.342760293993944,28.1201452817442,28.387592315673828,1047400,0.0,0.0
27.81450026996005,28.69325508618132,27.81450026996005,28.54042816162109,1281400,0.0,0.0
28.578636258033015,29.686631514026274,28.578636258033015,29.610218048095703,1091000,0.0,0.0
29.45739488722403,30.259736382206782,29.38098141151139,30.18332290649414,862700,0.0,0.0
29.419195857433987,29.572022848901177,28.807887891565233,29.2663688659668,761700,0.0,0.0
29.266346855728337,29.64841404705638,28.387592315673828,28.387592315673828,716700,0.0,0.0
28.38758878694768,28.42579550133119,27.623454499277486,27.776281356811523,605900,0.0,0.0
27.738098405365246,27.929132140939387,26.630102739035234,26.82113647460937,978700,0.0,0.0
26.897542958956393,27.356023804847695,26.477268850222696,26.668302536010746,854500,0.0,0.0
26.59187736511231,26.744704246521,25.71312279701233,25.98056983947754,878500,0.0,0.0
25.82775624217452,25.904169722180953,25.445688842142356,25.86596298217773,768900,0.0,0.0
25.98058000824155,25.98058000824155,25.445685713954223,25.8277530670166,1215800,0.0,0.0
25.82775923656633,27.126788547281198,25.369278303372845,26.70651435852051,2047400,0.0,0.0
27.05036798390475,27.508848797191273,26.859334311702032,26.897541046142575,750300,0.0,0.0
26.859334951059104,27.356022510609268,26.553681068259,27.08857536315918,803800,0.0,0.0
27.05036503324573,28.46401405334473,26.935744842426892,28.46401405334473,723800,0.0,0.0
28.387601237060874,28.54042816162109,28.158360850220546,28.54042816162109,592000,0.0,0.0
28.731460446557822,28.731460446557822,27.66167202567535,28.043739318847656,768000,0.0,0.0
28.196580848230525,28.46402809204843,27.814513357062093,28.31120109558105,348000,0.0,0.0
28.15835493261164,28.15835493261164,27.241393577954,27.738080978393555,639900,0.0,0.0
28.120147299259266,29.03710862423511,27.967320411763293,28.731454849243164,761700,0.0,0.0
28.50221972502479,29.57200813293457,28.50221972502479,29.57200813293457,969400,0.0,0.0
29.34277091733871,29.72483824699156,29.037117053616427,29.610218048095703,648900,0.0,0.0
29.495591458407315,29.64841835715554,28.50221661654385,29.419178009033203,1219600,0.0,0.0
29.26635930330857,29.26635930330857,28.12015724182129,28.12015724182129,639100,0.0,0.0
28.175287646883515,28.328414210181798,27.409654830392114,28.09872436523437,991500,0.09,0.0
27.94559333284023,28.09871987165031,27.10339736938477,27.10339736938477,962400,0.0,0.0
27.026843117667244,27.56278618232353,26.72058993786365,27.37137794494629,1187900,0.0,0.0
27.256528501954502,27.409655066572228,26.95027537271906,27.14168357849121,572000,0.0,0.0
27.179967805287728,27.179967805287728,25.84011023742143,26.299489974975586,1125700,0.0,0.0
26.490893463912837,27.294807860939088,26.337766912098306,27.026836395263672,1004600,0.0,0.0
27.17996334487741,27.333089898933057,26.950273513793945,26.950273513793945,1049800,0.0,0.0
26.87372188403215,26.95028519424307,26.452623677872094,26.56746864318848,804600,0.0,0.0
26.49089819895649,26.56746148854884,25.878391882217606,26.299489974975586,640700,0.0,0.0
26.29949417857752,26.490902433152318,25.419016207533442,25.53386116027832,1464600,0.0,0.0
25.763535231260715,25.763535231260715,24.883057801366213,25.03618431091309,1384900,0.0,0.0
24.883058981590782,26.299479262081327,24.883058981590782,25.76353645324707,927300,0.0,0.0
25.87838721749976,26.33776687224828,24.8447829943156,24.99790954589844,1214600,0.0,0.0
25.419010010664522,26.108079559146393,24.500250612688696,25.99323463439941,2402100,0.0,0.0
26.52917097165034,28.175281147380446,26.37604444367545,27.869028091430664,2346400,0.0,0.0
27.907305531959015,28.13699528942369,27.40964439078553,27.945587158203125,1741100,0.0,0.0
27.869033170550054,27.94559644849113,26.83542891834559,27.256526947021484,1229000,0.0,0.0
27.562774282987,28.481533425753234,27.40964775919263,28.02215385437012,751100,0.0,0.0
28.02214154330167,28.63464736938477,27.56276217373935,27.79245185852051,1148200,0.0,0.0
27.60105868827465,28.022156671036118,25.801821852839268,26.337764739990234,1226800,0.0,0.0
26.797144357548213,27.065115801123692,26.337764739990234,26.337764739990234,957800,0.0,0.0
26.299483953570036,26.414328861664227,25.265879780722308,25.610414505004886,1518200,0.0,0.0
25.38073069708688,25.87839208330427,25.342449051993235,25.72526550292969,1585500,0.0,0.0
26.64401626586914,27.2182407543577,26.10807340994649,26.64401626586914,1224200,0.0,0.0
26.644026642912756,27.409659592421736,26.644026642912756,27.37137794494629,1445300,0.0,0.0
27.40964477872133,28.29012219479757,27.256518271577633,28.06043243408203,1161900,0.0,0.0
28.022165952028928,28.022165952028928,27.141688060093593,27.37137794494629,1668000,0.0,0.0
27.4096428066243,27.56276930275069,26.79713682211873,27.4862060546875,1136400,0.0,0.0
27.40963745117188,27.63932715048337,27.25651098496421,27.409637451171875,796100,0.0,0.0
27.48620788878092,27.601052768539056,26.682293730473962,26.911983489990234,894500,0.0,0.0
26.9119884512703,27.103396619487015,26.68229864941024,26.873706817626953,729700,0.0,0.0
26.797153467265684,26.950280058507204,25.68698568076468,25.916675567626953,717100,0.0,0.0
26.108068306515023,26.18463155668076,25.15102767944336,25.15102767944336,600400,0.0,0.0
25.189308206779746,25.80181418141269,24.95961846629239,25.38071632385254,1159400,0.0,0.0
25.380724404987536,25.419006040590833,24.65337332852485,24.729936599731445,1117400,0.0,0.0
24.65336185163715,24.691643469419194,23.35178684704761,24.538516998291016,1135900,0.0,0.0
24.57680011019811,25.03617955151023,24.232265529214025,24.423673629760746,1227700,0.0,0.0
25.265879780722308,26.14635740944445,25.22759814469091,25.610414505004886,1255600,0.0,0.0
25.342433007883987,26.14634704589844,25.036180041021343,26.14634704589844,643000,0.0,0.0
26.108080428393922,26.56746014267651,25.112757714114966,25.648700714111328,788600,0.0,0.0
24.959620685112185,25.26587369965344,24.72993092420625,25.11274719238281,1174600,0.0,0.0
25.1127474811927,25.419000499256025,24.23227005426064,24.270551681518555,1213000,0.0,0.0
24.194003412898734,24.423693318717397,23.696341950291643,23.964313507080078,1445300,0.0,0.0
25.036183619927503,25.61040801487997,24.806493861946517,25.572126388549805,1531300,0.0,0.0
26.49089416761077,27.524498419815234,26.184641055846487,27.256526947021484,1532600,0.0,0.0
27.409652807913226,27.48621608391298,26.64402004791565,26.83542823791504,1000500,0.0,0.0
26.83543044925577,27.983879683888684,26.83543044925577,27.14168357849121,1360400,0.0,0.0
28.02215423583984,28.29012565612793,27.715901184082032,27.75418281555176,1286000,0.0,0.0
27.945590229314536,28.787786099239092,27.63933718570561,28.672941207885746,1212800,0.0,0.0
28.78777313232422,29.32371571723451,28.672928292700586,28.78777313232422,944000,0.0,0.0
28.86434899429141,29.28544692391635,28.787785734359602,29.13232040405273,811300,0.0,0.0
29.132332126138664,29.132332126138664,28.022164410425106,28.36669921875,1085300,0.0,0.0
28.5198193115442,28.55810094820399,27.983876398307128,28.13700294494629,653300,0.0,0.0
28.17527850660455,28.749502932690234,28.09871524979312,28.596376419067386,843800,0.0,0.0
28.749517940705825,29.055771127823864,28.175293214859504,28.48154640197754,723400,0.0,0.0
28.328415557007972,29.17061169518929,28.29013391436337,28.749513626098636,1241700,0.0,0.0
29.706547870635987,30.625307083129886,29.476858067512516,30.625307083129886,1256900,0.0,0.0
31.237823447844423,31.77376649719469,30.165937349143878,30.35734558105469,1365400,0.0,0.0
30.35732369776577,30.43388693533895,29.362001609314433,29.93622589111328,826300,0.0,0.0
29.783106976840163,29.783106976840163,28.979192778236502,29.55341720581055,652400,0.0,0.0
29.74483266267417,29.74483266267417,29.055763180141174,29.438579559326172,716100,0.0,0.0
29.170589264402995,29.208870877610874,28.481520226661196,28.78777313232422,663800,0.0,0.0
28.78778648877081,29.285447691369253,28.481533441017927,29.170602798461914,531300,0.0,0.0
29.158324690054588,29.158324690054588,28.582831439592983,28.966493606567386,339400,0.105,0.0
28.813028416236786,28.813028416236786,28.007337874637624,28.1224365234375,897200,0.0,0.0
28.160803856998264,28.237536292575914,27.08654975891113,27.08654975891113,1038600,0.0,0.0
27.124915279717825,28.08407069979272,26.933084195702854,27.54694366455078,1734300,0.0,0.0
27.31676165262858,29.54200347264608,27.278395414352413,29.46527099609375,2513900,0.0,0.0
29.31179170273057,30.654609385447284,29.08159438569341,30.53951072692871,1869100,0.0,0.0
30.539496856160678,30.99989128112793,29.925637622871022,30.99989128112793,1526700,0.0,0.0
30.69297995671115,30.731346181657035,29.8105567829557,29.964021682739254,1338000,0.0,0.0
30.079120735216183,30.079120735216183,28.31427436554789,29.12955665588379,2394400,0.0,0.0
28.697943981273752,29.311803745579077,28.237549158044768,28.39101409912109,1044800,0.0,0.0
28.697943981273752,28.697943981273752,28.35264786385201,28.39101409912109,767000,0.0,0.0
28.237538220635773,28.46773554308661,27.815509796142575,27.815509796142575,863100,0.0,0.0
27.815507093201514,28.467732776766237,27.815507093201514,28.23753547668457,3073400,0.0,0.0
28.19916830224506,28.23753451762226,27.009815625551727,27.16328048706055,1414200,0.0,0.0
27.08655074455219,28.160804881729888,26.66452233351809,27.47021293640137,1211900,0.0,0.0
27.623682266626602,27.892245844218806,26.933090209960934,26.933090209960934,1672400,0.0,0.0
27.00981043985445,28.16079668018916,26.971444231843297,28.00733184814453,885500,0.0,0.0
27.70040218405528,28.237529096211475,27.470204935988328,28.00733184814453,758200,0.0,0.0
28.237536670052428,28.73629750797455,28.04570557854392,28.69793128967285,1160200,0.0,0.0
29.23505934561777,29.695453980981828,28.85139714948105,29.08159446716309,464000,0.0,0.0
29.004873863426408,29.35016998084816,28.39101409912109,28.39101409912109,518700,0.0,0.0
28.39100054609097,28.736296498678566,28.084070810457554,28.314268112182614,417900,0.0,0.0
28.35263740030925,28.851398274739584,27.93060896809896,28.77466583251953,536900,0.0,0.0
28.544465222895543,29.158324690054588,28.314267922710897,28.966493606567386,349700,0.0,0.0
29.08159892761629,29.35016250610352,28.774669123630897,29.35016250610352,289500,0.0,0.0
28.237538736979168,28.92813071695964,27.777144083658854,28.77466583251953,1532600,0.0,0.0
29.158350626627602,29.19671687745211,28.35265935931289,28.429391860961914,1061600,0.0,0.0
28.429376873584083,29.81056117513473,28.429376873584083,29.388532638549805,1674400,0.0,0.0
29.350154206559463,30.270943358137803,28.92812584541939,29.810548782348636,1437300,0.0,0.0
28.851411183675125,29.810567140579227,28.851411183675125,29.46527099609375,1813900,0.0,0.0
29.772190598181066,31.19174092309433,29.733824373183406,30.76971244812012,1888900,0.0,0.0
30.731327866563703,31.038257483208533,30.424398249918877,30.99989128112793,1161700,0.0,0.0
30.92317633622661,30.961542559968823,29.503626057764592,29.580358505249023,1642100,0.0,0.0
29.58035929441452,30.961543385982512,29.465260620117192,30.69297981262207,1667000,0.0,0.0
30.53951198356261,31.46030128959967,30.386047099223088,31.038272857666016,1841200,0.0,0.0
30.38605001449585,30.84644471168518,30.3093175649643,30.69297981262207,1199900,0.0,0.0
30.69297069340796,31.38356253400964,30.616238266674443,30.846435546875,1419200,0.0,0.0
31.03828635694414,31.23011754580041,30.19422912597656,30.19422912597656,628600,0.0,0.0
31.076638679402127,31.076638679402127,28.23753835560489,28.62120056152344,1776500,0.0,0.0
28.23753662109375,28.23753662109375,26.242493272864298,26.47269058227539,4527700,0.0,0.0
26.54942549756293,27.048186381187662,25.705368617582607,25.935565948486328,3590500,0.0,0.0
26.012310087765602,27.777157084870638,25.705380175225603,26.971466064453125,3154800,0.0,0.0
26.089039183499516,26.856363865367154,25.973940481219373,26.24250411987305,2367700,0.0,0.0
26.08902320433199,27.31674194335937,25.78209351957514,27.31674194335937,3433600,0.0,0.0
27.316744779250822,27.93060421249241,26.85635020431963,27.66204071044922,2468500,0.0,0.0
27.66204071044922,27.892237997914812,27.16327992094043,27.66204071044922,1648400,0.0,0.0
28.23753577338325,28.23753577338325,27.470211431715228,27.623676300048828,1648300,0.0,0.0
27.546958176547257,29.23507260519361,27.3934932284885,29.00487518310547,1303700,0.0,0.0
29.618722296911656,29.65708851750351,28.314270796788602,28.62120056152344,1572600,0.0,0.0
28.62119456541729,28.659560777971464,26.24248938705821,26.4343204498291,1274900,0.0,0.0
27.16329373811421,27.16329373811421,24.861319692511305,26.24250411987305,3870000,0.0,0.0
26.12739999429628,26.587794707852158,26.012301315907308,26.35759735107422,1551500,0.0,0.0
26.319220096537123,26.319220096537123,25.62862831557842,25.82045936584473,900700,0.0,0.0
26.395953482518625,26.395953482518625,24.32417806383257,24.78457260131836,1116800,0.0,0.0
24.861306445699338,24.938038873000888,21.101417507923824,21.79200935363769,5839900,0.0,0.0
21.792016702539783,22.09894651525161,20.83286103781532,20.871227264404297,6539600,0.0,0.0
20.717759076286768,20.717759076286768,19.183110255821077,19.5667724609375,5904300,0.0,0.0
19.79696670562805,20.67938964018124,18.99127620016645,19.14474105834961,4628200,0.0,0.0
19.451666672704686,19.796962530800034,18.76107495651399,19.068004608154297,3899700,0.0,0.0
18.99128075742624,19.413309218702377,18.569252296150093,18.684350967407227,2411700,0.0,0.0
18.569252996002067,18.60761922120042,17.84029471723339,18.185590744018555,2496000,0.0,0.0
18.558291954653605,18.558291954653605,16.787168656076705,17.249200820922848,3625100,0.105,0.0
17.249202676488267,17.634229521945592,16.9411812001224,17.018186569213867,4264300,0.0,0.0
17.557222652435303,18.48128700256348,17.24920120239258,18.48128700256348,7053000,0.0,0.0
18.866312560704163,18.866312560704163,17.59572416375878,17.74973487854004,3239600,0.0,0.0
17.74973541969477,17.903746139171513,16.24813090479651,16.55615234375,4766600,0.0,0.0
16.633164447286855,16.787175229206177,15.362575496452447,15.940115928649902,4939100,0.0,0.0
16.248134594784972,16.710166858143786,15.90161039726586,16.094123840332028,4873300,0.0,0.0
16.09412163803258,16.24813237141088,14.631019670938706,14.939041137695312,3185100,0.0,0.0
13.591447256049333,15.324068011069784,13.591447256049333,15.09305191040039,4242900,0.0,0.0
14.785033223523175,15.054552058326983,14.245995553915556,14.746530532836914,3841300,0.0,0.0
14.823534893539716,14.823534893539716,14.16898919694186,14.284497261047365,4022800,0.0,0.0
14.400002414941142,14.438505095194992,14.091980972910314,14.207489013671875,3226800,0.0,0.0
14.168990129981534,14.669525107399359,13.783963224275515,14.091984748840332,3302700,0.0,0.0
14.130489381602112,14.24599746919014,13.591451639524648,13.66845703125,4476000,0.0,0.0
13.706958770751953,14.284499168395994,13.552947998046875,14.01498031616211,5111100,0.0,0.0
14.400005565499361,16.325139999389652,14.361502876821554,16.325139999389652,7671400,0.0,0.0
14.014983291625976,14.477015707833429,13.052415757860455,13.475945472717285,17469100,0.0,0.0
13.860970446937964,14.862040534772373,13.706959664194207,14.631024360656738,11510800,0.0,0.0
14.47700983285904,15.054550118744373,14.40000446140766,14.78503131866455,5829100,0.0,0.0
14.785025877676322,15.43957129413595,14.785025877676322,15.285560607910154,5334800,0.0,0.0
15.28556820244453,15.401076274503305,14.708027842150655,14.746530532836914,2577200,0.0,0.0
15.093052878597664,15.247063622256825,14.785031391279347,15.170058250427244,2395200,0.0,0.0
15.709094885623815,15.747597569167011,15.170057316019076,15.247062683105467,1937300,0.0,0.0
15.401075309223874,15.632091438862231,14.939043049947154,14.977545738220215,2367700,0.0,0.0
15.247064556131633,15.247064556131633,14.939043049947154,14.977545738220215,2109900,0.0,0.0
15.016041644207844,15.17005232773818,14.746522948029751,14.823528289794922,2908500,0.0,0.0
14.785025877676322,15.401068622579501,14.708020534563428,15.285560607910154,3541400,0.0,0.0
15.28556820244453,15.28556820244453,14.477011698033106,14.746530532836914,3917800,0.0,0.0
14.862035771006159,14.939041137695312,14.284495520837526,14.939041137695312,3349700,0.0,0.0
14.939036302442675,15.17005232773818,14.708020277147169,14.823528289794922,1774900,0.0,0.0
14.977543801223677,15.09305185110458,14.785030384755506,14.862035751342773,1478500,0.0,0.0
15.016046543510592,15.285565327624884,14.7850304428412,15.09305191040039,2890200,0.0,0.0
15.170062055539846,15.51658631569177,15.093056664394972,15.32407283782959,2132500,0.0,0.0
15.401068622579501,15.555079308805293,14.977539235458565,15.285560607910154,1642400,0.0,0.0
15.401076274503305,15.401076274503305,14.746530532836914,14.746530532836914,3674000,0.0,0.0
14.823535914209433,15.208562821072016,14.708027842150655,14.746530532836914,2581400,0.0,0.0
14.59251763332974,14.6310203183781,13.24492365663702,13.552945137023926,2005100,0.0,0.0
14.207497736041464,14.3230058477166,13.591454473774085,13.70696258544922,2704600,0.0,0.0
13.706956988557431,14.708026880980166,13.437438171366697,14.66952419281006,2541800,0.0,0.0
14.400008186541104,14.746532447714555,14.207494708111412,14.631024360656738,1776800,0.0,0.0
14.63102246077814,14.785033223523175,14.361503625974331,14.746530532836914,1112700,0.0,0.0
14.554015167155807,14.746528595292787,14.322999053391431,14.592517852783205,1945200,0.0,0.0
14.554014284993698,14.90053843463641,14.400003551819164,14.862035751342773,2323000,0.0,0.0
14.977544820853295,15.362571680001194,14.977544820853295,15.170058250427244,2132200,0.0,0.0
15.016046543510592,15.208559960735087,14.746527759396301,15.09305191040039,2275400,0.0,0.0
15.170062055539846,15.32407283782959,14.939045882105226,15.32407283782959,1935400,0.0,0.0
15.131554554418187,15.208559921107339,14.785030404317007,14.939041137695312,1619100,0.0,0.0
15.054553954908164,15.786105170108303,14.977548563834464,15.555088996887207,1931200,0.0,0.0
15.786105184698824,16.13262944485075,14.977548577677664,15.32407283782959,2216300,0.0,0.0
15.324069942659733,15.362572630957875,14.862037683082054,15.054551124572756,1330000,0.0,0.0
15.054552104342635,15.632092466401815,14.939044031930802,15.478081703186035,922900,0.0,0.0
15.439576259825476,15.940111151041766,15.247062840126905,15.90160846710205,1232800,0.0,0.0
15.7475995876519,15.786102276130267,15.208561948954769,15.632091522216795,1549300,0.0,0.0
15.786098616463796,16.28663345064436,15.747595936911447,16.171125411987305,1708500,0.0,0.0
16.40214537674526,16.440648065423066,16.171129244678426,16.325139999389652,1068000,0.0,0.0
16.017115604391485,16.286634376580768,15.901607559167507,16.055618286132812,1290400,0.0,0.0
16.132629385513056,16.286640167236328,15.94011590835896,16.286640167236328,781900,0.0,0.0
16.363642749176723,17.056691147965385,16.13262661624717,16.864177703857422,1578000,0.0,0.0
16.479147010379368,16.864173809687298,16.20962825086382,16.63315773010254,1273900,0.0,0.0
16.787167911157173,17.78823755723535,16.748665232461857,17.74973487854004,1826700,0.0,0.0
17.287712175731528,17.364717575177995,16.594663580713338,16.825679779052734,1982900,0.0,0.0
17.326206808158492,17.326206808158492,16.055618308893536,16.132623672485348,1465200,0.0,0.0
16.286635306499193,16.402143358318337,15.786100415282904,15.90160846710205,1055300,0.0,0.0
15.901605884879482,16.902675504750828,15.670589818755325,16.594654083251953,1891800,0.0,0.0
16.633162449746234,16.825675904025708,15.670595178348885,15.824605941772461,1299600,0.0,0.0
15.657587194801273,15.966872867785002,15.425622940063475,15.425622940063475,1129200,0.105,0.0
16.08285964439655,17.126699092470364,15.657591721107217,16.817413330078125,2064100,0.0,0.0
17.319999448714718,17.358660161769883,16.778749465942386,16.778749465942386,1550700,0.0,0.0
16.778745826272402,16.817406530941234,16.237495960908774,16.43079948425293,1097300,0.0,0.0
16.81741199449762,17.010715580641268,16.62410840835397,16.894733428955078,1039400,0.0,0.0
16.894734407197117,16.894734407197117,16.353484334655334,16.508127212524414,760800,0.0,0.0
16.39214275788009,16.430803471931693,16.04419633141565,16.19883918762207,976200,0.0,0.0
16.082863100113407,16.16018455732549,15.541612899628824,15.580273628234865,1621000,0.0,0.0
15.7735715675354,15.812232282161713,15.000357275009156,15.464285850524902,1869100,0.0,0.0
15.46428364918644,15.773569322170172,15.348301521817547,15.425622940063475,1183300,0.0,0.0
15.464285529364656,15.464285529364656,14.845714108190071,15.039017677307127,1499500,0.0,0.0
15.039017677307127,15.154999818777366,14.884374822013482,15.039017677307127,857700,0.0,0.0
15.232326482925613,15.270987210039635,14.729737030443294,14.96170139312744,2646000,0.0,0.0
14.961700396788748,15.000361121328256,14.45911097777517,14.691075325012207,2127500,0.0,0.0
14.53642778877238,15.116338471835109,14.227142091138926,14.575088500976562,2681100,0.0,0.0
14.575092427870807,14.845717486213234,14.188485201667335,14.459110260009766,1598300,0.0,0.0
12.371426117725864,14.149818622148954,11.443569158896425,12.062140464782715,10521200,0.0,0.0
11.636872818267422,11.984819181604323,11.327587161967955,11.83017635345459,16958400,0.0,0.0
12.13946371532622,12.448749415079751,11.984820865449452,12.17812442779541,8172500,0.0,0.0
12.332766386178825,12.332766386178825,11.366248644315279,11.559552192687988,4650000,0.0,0.0
11.830180557150591,11.907501998700594,11.482234070175572,11.752859115600586,3471100,0.0,0.0
11.559552621375468,11.907499021349981,11.559552621375468,11.8688383102417,3322800,0.0,0.0
11.830173126638751,12.13945869857702,11.752851733654186,11.994481086730955,2999600,0.0,0.0
11.907505172979635,12.294112483790665,11.67554078649302,11.791522979736328,3763800,0.0,0.0
11.791515518457462,12.062140464782715,11.752854811839569,12.062140464782715,2036600,0.0,0.0
11.830176225075354,12.139461878018505,11.830176225075354,12.062140464782715,980400,0.0,0.0
12.371431181702436,12.371431181702436,11.946163234831412,12.216788291931152,2254000,0.0,0.0
12.100806563071373,12.448753077664481,12.100806563071373,12.4100923538208,1506200,0.0,0.0
12.371424769496059,12.874013900756836,12.371424769496059,12.874013900756836,1668000,0.0,0.0
12.796697525330535,12.835358242929717,12.52607250213623,12.52607250213623,820700,0.0,0.0
12.56473021073775,12.8740158774636,12.526069502397018,12.758033752441404,2615600,0.0,0.0
12.912674603161511,13.492585139231636,12.758031793542813,12.874013900756836,1870600,0.0,0.0
12.835358242929717,12.835358242929717,12.371429631739488,12.52607250213623,1891400,0.0,0.0
12.487410255100414,12.526070967964506,12.294106690779975,12.448749542236328,2523800,0.0,0.0
12.371427990141369,12.371427990141369,11.907499440511069,12.17812442779541,2647200,0.0,0.0
12.178123980760574,12.603391802310947,12.139463269710538,12.371427536010742,2002600,0.0,0.0
12.371430745938929,12.680716514587402,12.332770024857869,12.680716514587402,1160700,0.0,0.0
12.216789367480779,12.25545009332724,11.907503560709115,12.100807189941404,1619200,0.0,0.0
12.255451611110143,12.487415994916644,11.90750503540039,11.90750503540039,2496900,0.0,0.0
11.90750336804927,12.062146268933024,11.598217566281756,11.675539016723633,1755600,0.0,0.0
11.83017635345459,12.139462009754055,11.752854939379723,11.83017635345459,1262300,0.0,0.0
11.830179646389544,12.100804670980153,11.675536775194907,11.694867134094238,1899800,0.0,0.0
11.752862112862726,11.984826496669225,11.752862112862726,11.90750503540039,907300,0.0,0.0
11.75285581323321,11.98482007270492,11.71419510332126,11.946159362792967,2540900,0.0,0.0
11.830174900541367,11.984817709698772,11.520889282226562,11.520889282226562,2083700,0.0,0.0
11.559550527692235,11.830175456434196,11.559550527692235,11.714193344116213,1869700,0.0,0.0
11.636872818267422,11.984819181604323,11.636872818267422,11.83017635345459,1860300,0.0,0.0
11.791522843497141,11.946165766034806,11.752862112862726,11.90750503540039,1169100,0.0,0.0
11.984823403085112,12.178127006360679,11.907501961774885,12.139466285705565,1890000,0.0,0.0
11.98482439154034,12.564735249195516,11.90750294385298,12.4100923538208,1656600,0.0,0.0
12.448759853656476,12.642063578092134,12.410099108769344,12.564742088317873,1533700,0.0,0.0
12.526067579114759,12.912674603161511,12.526067579114759,12.874013900756836,1648100,0.0,0.0
12.874014566684592,14.033835698818338,12.874014566684592,13.453925132751465,2862100,0.0,0.0
13.763216478342494,14.111162962345535,13.569912876118586,13.956520080566404,1648000,0.0,0.0
13.608574843988185,14.34312859977164,13.608574843988185,14.265807151794435,2065300,0.0,0.0
14.111160714285711,14.188482142857142,13.453928571428573,13.53125,1640600,0.0,0.0
13.453931136254251,13.608574022877864,13.41527041459835,13.492591857910154,1632800,0.0,0.0
13.608572484436914,13.647233201722248,13.33794746343959,13.415268898010256,1317300,0.0,0.0
13.415266546336088,13.608570098876953,13.337945125319742,13.608570098876953,1050900,0.0,0.0
13.608577967339704,14.768399953192525,13.531256501616184,14.188488960266113,3492600,0.0,0.0
13.956520080566404,14.111162962345535,13.64723431700815,13.956520080566404,1143500,0.0,0.0
13.975846472433055,14.149819665035956,13.6085697324936,13.685891151428224,1220600,0.0,0.0
13.60857160701308,13.685893036598381,13.183303744293921,13.299285888671875,3004200,0.0,0.0
13.144646248622243,13.453932042707475,12.990003351579633,13.221967697143555,872100,0.0,0.0
13.105983549089574,13.18330498595736,12.835358520052324,12.951340675354006,1066700,0.0,0.0
13.01661777496338,13.133184501306332,12.938906624068075,13.01661777496338,1549000,0.105,0.0
13.133177810907366,13.172033366560935,12.356066697835924,12.433777809143065,3099600,0.0,0.0
12.511494934512193,12.511494934512193,12.23950591419671,12.404642105102539,3204700,0.0,0.0
12.433782506872108,12.589204788208008,12.433782506872108,12.589204788208008,2203700,0.0,0.0
12.666913850773016,13.133180618286133,12.589202722854164,13.133180618286133,1797900,0.0,0.0
12.938903751995866,13.444026120692403,12.938903751995866,13.09432601928711,901100,0.0,0.0
13.094331453716945,13.210898202563088,12.161797462947787,12.239508628845215,3358600,0.0,0.0
12.394928768368587,12.744628953056102,12.356073192292195,12.66691780090332,1206200,0.0,0.0
12.822340105208886,12.861195681285276,12.62806222482693,12.66691780090332,1117100,0.0,0.0
12.744625150603776,12.744625150603776,12.472636199218938,12.550347328186035,734800,0.0,0.0
12.589202965095591,12.666914094509762,12.239502882731824,12.317214012145994,611100,0.0,0.0
12.356066697835924,13.210888922214508,12.200644475221633,12.433777809143065,1998300,0.0,0.0
13.560593339263413,14.454271410332352,13.405171066034036,14.22113800048828,6416100,0.0,0.0
14.026860158951555,14.22113800048828,13.59944890757076,14.22113800048828,1520000,0.0,0.0
13.832582506082824,13.871438074920135,13.521737955384335,13.754871368408205,2199500,0.0,0.0
13.716018676757812,13.793729830733778,13.560596368805882,13.716018676757812,1798700,0.0,0.0
13.716018447213376,16.008497451138552,13.716018447213376,15.65879726409912,5446500,0.0,0.0
15.2313820922259,16.008493423461914,15.075959825978696,16.008493423461914,2418900,0.0,0.0
15.853072150120814,16.08620556409318,15.581083167153055,15.891927719116213,1423500,0.0,0.0
15.853069391465723,16.086202764869633,15.425658206891894,15.503369331359865,1539800,0.0,0.0
15.153674081880222,15.503374253000533,15.153674081880222,15.231385231018065,1328900,0.0,0.0
15.037102575302123,15.736502695083615,14.998247013092039,15.542224884033205,957900,0.0,0.0
15.386810360826214,15.61994385114176,15.270243615668438,15.309099197387695,1189600,0.0,0.0
15.231385231018065,15.386807529293758,15.153674081880222,15.231385231018065,889900,0.0,0.0
15.23138039572197,15.73650270476377,15.192524833487985,15.503369331359865,1083500,0.0,0.0
15.464512883699856,15.54222400371845,15.037101723597601,15.153668403625488,653600,0.0,0.0
15.037112099435324,15.347956793997295,14.998256512615075,15.192534446716307,674600,0.0,0.0
15.270240871949186,15.736507768802594,15.075962998260266,15.114818572998047,775100,0.0,0.0
15.425657323690562,15.464512883699856,14.998246163588304,15.153668403625488,638600,0.0,0.0
14.92054080963135,15.037107534706594,14.415418334305286,14.920540809631348,766000,0.0,0.0
14.609691734836526,14.842825113583915,14.026858287968047,14.182280540466307,1052800,0.0,0.0
14.182280726816463,14.182280726816463,13.094324945033284,13.521736145019533,2466900,0.0,0.0
13.366315527276681,14.182282463534849,13.366315527276681,14.143426895141602,1307500,0.0,0.0
13.521738930182025,13.7937279316512,13.172038785435937,13.67716121673584,1246900,0.0,0.0
13.677169001652643,13.754880189162035,12.278367626483623,12.62806797027588,1675900,0.0,0.0
12.66691837702329,13.327463200364996,12.511496065648773,13.249752044677734,1096500,0.0,0.0
13.288608333042689,13.832586451939173,13.249752753121513,13.59945297241211,1021800,0.0,0.0
13.67716023073358,14.026860350269382,13.67716023073358,13.754871368408205,973700,0.0,0.0
13.871439912465696,14.104573356372686,13.716017616527704,13.910295486450195,728800,0.0,0.0
14.143424065907796,14.221135187149049,13.988001823425293,13.988001823425293,1294900,0.0,0.0
14.531985742273465,14.531985742273465,13.716018628402493,13.793729782104492,940300,0.0,0.0
13.87143324229343,14.259988795298849,13.87143324229343,14.10456657409668,855500,0.0,0.0
14.104571295566249,14.376560273717661,14.104571295566249,14.22113800048828,626800,0.0,0.0
14.337708345709,14.570841814744918,14.221141611191038,14.531986236572266,637300,0.0,0.0
14.493122939198685,15.697645221008761,14.493122939198685,15.42565631866455,1415100,0.0,0.0
15.347944307834544,15.386799863044253,14.53197764843068,14.609688758850098,1070100,0.0,0.0
14.765111913231655,15.114811932229244,14.765111913231655,14.842823028564453,821800,0.0,0.0
14.765119404372776,15.54223095197134,14.765119404372776,14.998252868652346,825200,0.0,0.0
15.037107423522476,15.270240871949186,14.95939627404691,15.114818572998047,475800,0.0,0.0
15.114823273075814,15.270245620356803,14.803978578513846,15.192534446716307,736300,0.0,0.0
15.153674147735831,15.386807596162535,14.920540699309125,15.114818572998047,692100,0.0,0.0
15.231382810152494,15.231382810152494,14.104571326748355,14.143426895141602,927800,0.0,0.0
14.143428076397289,14.143428076397289,13.67716121673584,13.67716121673584,1083700,0.0,0.0
13.638307771599324,13.716018926993055,13.133185261540092,13.327463150024414,1532800,0.0,0.0
13.366315527276681,14.376560305501076,13.288604390490189,14.143426895141602,1345700,0.0,0.0
14.298850226867168,14.415416940673149,13.754872229105914,13.94915008544922,1182500,0.0,0.0
13.871437963026054,14.221138079740994,13.871437963026054,14.026860237121582,552100,0.0,0.0
14.026857368195255,14.221135171078846,13.94914624704182,14.065712928771973,677200,0.0,0.0
14.14343002362562,14.14343002362562,13.67716309976983,13.716018676757812,839100,0.0,0.0
14.026860189961864,14.25999360032134,13.910293484782127,14.143426895141602,1053800,0.0,0.0
13.988007666359485,14.065718820061484,13.677163051551494,13.793729782104492,589300,0.0,0.0
13.754876077844855,13.871442824267271,13.599453749281635,13.832587242126465,340800,0.0,0.0
13.832576751708984,14.531976699829102,13.754865646362305,14.415410041809082,1066800,0.0,0.0
14.520016693871868,14.559048996812384,14.12969366446671,14.168725967407227,864800,0.105,0.0
14.207761435312767,14.324858370219193,14.090664500406346,14.246793746948242,1047600,0.0,0.0
14.090661361526196,14.285822876228774,13.778402938002069,14.168725967407227,2135400,0.0,0.0
14.090667605075266,14.344377686607091,13.934538324132602,14.324861526489258,1668000,0.0,0.0
14.285827057137675,14.32485937150144,13.700342341681214,14.129697799682615,2251300,0.0,0.0
13.973568871410933,14.207762763110555,13.856471925561118,14.090665817260742,1012500,0.0,0.0
14.090674207643476,15.9251941183339,14.090674207643476,15.26164436340332,2212700,0.0,0.0
15.417773717504632,15.964226456859226,15.105515009302009,15.26164436340332,2824200,0.0,0.0
15.26164010854868,17.291321146002723,15.26164010854868,17.252288818359375,3782900,0.0,0.0
16.705831431024087,17.135186911727978,16.276475950320197,16.940025329589847,1719800,0.0,0.0
16.783889770507812,17.13518048663472,16.23743754542151,16.783889770507812,1217500,0.0,0.0
16.90099169239062,17.369379452918764,16.744862438881235,17.096153259277347,1970400,0.0,0.0
16.861956616381665,17.05711815129349,16.705827388452207,16.74485969543457,1684300,0.0,0.0
16.4716446994292,16.549709366251136,16.0813213653195,16.120353698730472,2411900,0.0,0.0
16.744861402009665,16.783893712970062,16.120344426643335,16.315505981445312,985100,0.0,0.0
16.315504038108973,17.135182470645546,16.23743942548644,16.549697875976562,1345600,0.0,0.0
15.378732104179187,16.00324914394281,14.91034432435647,15.22260284423828,3788900,0.0,0.0
15.378734877051375,16.19841363953381,15.378734877051375,16.003252029418945,2427800,0.0,0.0
16.744857468715935,17.291309693802233,16.354534450797146,16.783889770507812,2414500,0.0,0.0
16.549704751623686,16.783898686788167,16.120349203822123,16.198413848876953,855000,0.0,0.0
16.237443983289932,17.720672039455835,16.237443983289932,17.564542770385742,1446600,0.0,0.0
17.486480462746538,19.399064263359445,17.486480462746538,19.04777336120605,3088900,0.0,0.0
18.969705159959158,20.14067461427762,18.657446638807567,19.2429313659668,3192100,0.0,0.0
18.735517287096442,18.81358194245934,17.369385818245654,17.681644439697266,1731600,0.0,0.0
17.408413555996475,18.89164161682129,17.213251969045842,18.89164161682129,2633400,0.0,0.0
18.73551234726078,19.82841723418433,18.65744771248053,18.89164161682129,2874200,0.0,0.0
18.813574496905012,18.93067143360774,18.501315999031068,18.735509872436523,1337100,0.0,0.0
18.579387664794922,18.852613953983084,18.38422602966052,18.579387664794922,889000,0.0,0.0
18.11099974047236,18.657452318848684,17.91583810533796,18.579387664794922,1995200,0.0,0.0
18.462287686828876,18.540352328210812,18.110996800610145,18.267126083374023,1247300,0.0,0.0
18.34519038576561,18.501319665644463,17.876802546129042,18.3061580657959,1296600,0.0,0.0
17.876807278807053,18.735518545474644,17.876807278807053,18.61842155456543,1778400,0.0,0.0
18.54036041334564,20.023589246413287,18.462295737921018,19.906492233276367,2995600,0.0,0.0
20.531008263354032,21.233590295179837,20.101652577238266,20.687137603759766,2946100,0.0,0.0
20.7651940552454,20.80422637489812,19.86745070323291,20.5310001373291,2684100,0.0,0.0
20.14068548140987,20.179717817614158,19.08681240389424,19.36003875732422,1671700,0.0,0.0
19.360028122410636,20.60906219482422,18.969704974781386,20.60906219482422,1890500,0.0,0.0
20.609061701240467,21.506804919286925,20.179706249131293,21.11648178100586,2514900,0.0,0.0
21.15551442746763,21.819063772978605,21.077449798583984,21.077449798583984,2339600,0.0,0.0
20.45292854309082,20.843251606890266,20.257767011191103,20.45292854309082,2095300,0.0,0.0
20.296803350033965,20.648094177246094,20.257771035899285,20.648094177246094,1274700,0.0,0.0
20.484154791668594,20.990014361726445,19.984541725011898,20.827638626098636,1112800,0.0,0.0
20.73396649570553,20.85887038192867,19.940829557883628,20.359254837036133,1435700,0.0,0.0
19.797193096814706,20.359257073033426,19.70351457627305,20.146921157836914,1198300,0.0,0.0
20.421709423500218,20.421709423500218,19.666043121341392,19.7722110748291,965200,0.0,0.0
19.778453155651306,19.87213046608135,19.185161537641626,19.20389747619629,1471200,0.0,0.0
18.985320830361452,20.665272271604163,18.935359506775185,20.421710968017575,2318300,0.0,0.0
20.421706722810182,20.76519060216684,19.884621712526574,20.37799072265625,1590500,0.0,0.0
20.296808503902714,21.545842873373648,20.234357738366764,21.07121086120605,2283800,0.0,0.0
21.171131758048464,21.670744987895006,20.821401305983983,20.890098571777344,1757700,0.0,0.0
20.671507024104052,20.671507024104052,20.265572496256624,20.49664306640625,1381800,0.0,0.0
20.496648097025034,20.60906134951897,20.234352096101407,20.37799072265625,957600,0.0,0.0
20.109451307929692,20.296805963431087,19.73474080575505,19.815927505493164,1181800,0.0,0.0
19.890869726929235,19.978301739111146,19.135203422078096,19.484933853149414,1269300,0.0,0.0
19.48493391994586,20.271824414624298,19.42248197195676,19.88462448120117,2197600,0.0,0.0
19.884626590206906,20.49040900142837,19.753477366402645,20.25309181213379,1846200,0.0,0.0
20.328029220862007,21.795645697540802,20.296803845261067,20.577836990356445,2120300,0.0,0.0
20.45294104563219,20.515391821078047,19.990797207361947,20.10945701599121,816000,0.0,0.0
19.9845505989228,20.0470013666068,19.303826748853226,19.4224853515625,1124200,0.0,0.0
19.360034074233294,19.41624072006516,18.017322271835408,18.741762161254886,1948400,0.0,0.0
19.051986147274338,19.42801243344418,18.9705143630256,19.36534118652344,1344900,0.105,0.0
19.898034292322983,20.99477633993134,19.898034292322983,20.52474403381348,2468500,0.0,0.0
20.531007972124527,21.001040230000807,20.43073451940589,20.894500732421875,2037500,0.0,0.0
20.932114193437453,20.932114193437453,19.92937679555568,20.217662811279297,1387900,0.0,0.0
19.616017478401307,19.87923565853969,19.23999253136432,19.58468246459961,1783400,0.0,0.0
19.80403544813888,19.941911212304802,18.98931176346457,19.108386993408203,1222200,0.0,0.0
20.054709843126236,20.054709843126236,19.402931199454784,19.509471893310547,875800,0.0,0.0
19.52201167444582,19.553347884296397,19.127184993162,19.27132797241211,1589500,0.0,0.0
19.271330114270818,19.390405334228934,18.970509638396504,19.114652633666992,1916900,0.0,0.0
18.98930377056807,19.089577228728324,18.776222373139056,18.83262634277344,1369400,0.0,0.0
18.33126842439996,18.550617174532057,17.090382848710274,17.184389114379886,2667400,0.0,0.0
17.178125989546587,17.861240183417976,17.178125989546587,17.748432159423828,1811300,0.0,0.0
16.29445893744348,17.39120136592525,15.98110395787726,16.683019638061527,3159400,0.0,0.0
17.077850200408047,17.85497057984644,16.99011116904788,17.52281379699707,2498800,0.0,0.0
17.077840753465615,17.779756202132614,16.939965038260485,17.290922164916992,2594300,0.0,0.0
17.610543465464144,17.610543465464144,17.04023771283559,17.153045654296875,1427500,0.0,0.0
17.17185039973574,18.130716942376186,16.921166687875107,16.946235656738278,1481200,0.0,0.0
16.952495279651973,16.983831478856462,15.542398590001865,15.811883926391602,3517500,0.0,0.0
16.231782648993704,16.231782648993704,14.79035066989406,15.247848510742188,2470600,0.0,0.0
15.103708826717336,15.711616999295074,14.903161850005269,15.667747497558596,3004100,0.0,0.0
16.294458174101347,16.53887466419948,15.9184319771666,16.006172180175778,1734500,0.0,0.0
15.981109626027255,16.933709388659913,15.918438368815012,16.701826095581055,1855400,0.0,0.0
16.701814091762678,17.01516895725674,16.29445300569119,16.889827728271484,1451200,0.0,0.0
16.85849260202068,17.692016549695424,16.764486375434842,17.315990447998047,2110600,0.0,0.0
17.3097256258021,17.786024033553158,17.002636764371122,17.341060638427734,1317100,0.0,0.0
17.391195538910967,17.817358359589566,16.996368922902253,17.02143669128418,1263200,0.0,0.0
17.046503790407993,17.046503790407993,15.987364095498238,16.20671272277832,1673000,0.0,0.0
16.106448938287894,16.921171534005598,15.66775142037555,16.657953262329098,1327300,0.0,0.0
16.664215995062378,17.6982870697962,16.664215995062378,17.50400733947754,1131000,0.0,0.0
17.17185580884392,17.359869548479107,16.651686494622727,17.046514511108402,1189100,0.0,0.0
17.203184909379175,17.453868596446608,16.983836234937385,17.341060638427734,688700,0.0,0.0
17.422537949262658,17.861235438166442,17.090382406141178,17.391202926635742,1791100,0.0,0.0
17.359863660883686,17.63561513959352,16.79582382862676,17.328527450561527,1557300,0.0,0.0
17.07784560269583,17.39120056788291,17.07784560269583,17.259592056274414,1335200,0.0,0.0
17.25959634431534,17.472676673855073,16.977576327439092,17.121719360351562,968300,0.0,0.0
16.451131622746306,16.60780906677246,15.874558580915892,16.60780906677246,2901000,0.0,0.0
17.171854277944462,18.487945556640625,17.06531352692252,18.487945556640625,2386900,0.0,0.0
18.27486639405598,18.281133638489514,17.140521449388732,17.52281379699707,1685200,0.0,0.0
16.13778279377864,16.41980277705443,16.037509287581578,16.29446029663086,7836000,0.0,0.0
16.357137951229316,16.60782181502665,16.037515576629605,16.595287322998047,3663100,0.0,0.0
16.451132228073565,16.50126896419258,16.012434890516634,16.13777732849121,1869600,0.0,0.0
16.294458184027082,16.350862173369368,15.667748253872194,15.805624008178713,4066200,0.0,0.0
15.793087653209966,15.993634600684334,15.354390309094205,15.786820411682127,2735700,0.0,0.0
15.761756841860006,16.319529575258862,15.605079336085346,16.300727844238278,1815400,0.0,0.0
16.457398863949834,16.833424968683413,16.36965987780848,16.60780906677246,2189500,0.0,0.0
16.54514914071764,17.234530603946467,16.54514914071764,17.203195571899414,2499900,0.0,0.0
16.98383305198653,17.69201448465055,16.85849063426626,17.673213958740234,1744500,0.0,0.0
17.54787349116814,17.641879717228594,16.983834939451402,17.460134506225586,1885000,0.0,0.0
17.42253909645487,17.698291856075823,17.015177798709672,17.591751098632812,1217300,0.0,0.0
17.57921285333667,17.61681630935323,17.31599463799234,17.485206604003903,2086000,0.0,0.0
17.579214015861936,17.735891506895836,17.416270477098546,17.616817474365234,1511400,0.0,0.0
17.566675773088047,17.974036895872192,17.547874049136514,17.861228942871094,1075300,0.0,0.0
17.905097766516963,18.143248146239113,17.873762756458053,18.06177520751953,635200,0.0,0.0
18.11191685358603,18.11191685358603,17.64815164586709,17.76095962524414,1060000,0.0,0.0
17.829900415539523,17.861235438166442,17.234525422792178,17.391202926635742,1489800,0.0,0.0
17.547877121595914,17.829897053477552,17.31599393367609,17.685752868652344,1412200,0.0,0.0
17.610545471297407,18.293659243193602,17.39119680406719,18.18711853027344,1552900,0.0,0.0
18.111910844576787,18.738620570654557,18.086843077117727,18.613279342651367,1748600,0.0,0.0
18.613287359357532,18.613287359357532,18.09311811049127,18.243528366088867,941800,0.0,0.0
18.243525869588307,18.625818101993552,18.174587396948574,18.500476837158203,915100,0.0,0.0
18.51927757263184,18.644620034196727,18.17458759635984,18.51927757263184,1068400,0.0,0.0
18.425270080566406,18.444071807138453,18.0241761431965,18.425270080566406,1898600,0.0,0.0
18.544349553967212,18.80130056607521,18.28113129822798,18.487945556640625,1029600,0.0,0.0
18.49420897671229,18.49420897671229,17.892566861399207,18.042978286743164,683400,0.0,0.0
18.11531279660149,18.30401469640284,17.737911396458376,17.90774154663086,797300,0.105,0.0
17.781939817697765,17.995801230977847,17.524048325165253,17.618398666381836,1000600,0.0,0.0
17.649846116765307,18.02095845105753,17.454855276626365,17.756776809692386,1177200,0.0,0.0
17.675012887823122,17.832263890028432,17.511471701562005,17.700172424316406,395500,0.0,0.0
17.73791883678383,17.819688854519374,17.517767127869256,17.60582733154297,691500,0.0,0.0
17.612112799667017,17.857423986891643,17.454861792527133,17.844844818115234,1872500,0.0,0.0
17.844848071135228,17.844848071135228,17.266164211380293,17.33535385131836,1017000,0.0,0.0
17.32905803653809,17.561790021808644,17.108907617710294,17.27244758605957,955600,0.0,0.0
17.234697591081414,17.29759818807478,16.844716049234933,17.159217834472653,1142900,0.0,0.0
17.171810772627953,17.171810772627953,16.8195688264494,16.907629013061527,1100200,0.0,0.0
16.920207573634265,16.920207573634265,16.48619447223143,16.744087219238278,1356800,0.0,0.0
16.73780157744933,16.825861778544855,16.55538978977402,16.630870819091793,754800,0.0,0.0
16.668611157615413,16.706351073368552,16.341528688474103,16.36039924621582,1637300,0.0,0.0
16.291203263102126,16.983107898930463,16.28491307917197,16.605705261230472,1790400,0.0,0.0
16.668608067369778,16.825859086873265,16.284915195867644,16.611997604370114,688600,0.0,0.0
16.668604401947682,16.81327502014264,16.57425405093922,16.681184768676758,838000,0.0,0.0
16.67489562489555,16.73779626273262,16.417004089520475,16.511354446411133,2764100,0.0,0.0
16.983110629110072,17.870006310429638,16.920209979426613,17.86371612548828,2299300,0.0,0.0
17.98951263964826,18.178213338774203,17.61211004166659,17.97064208984375,1483000,0.0,0.0
17.612108121402,18.09644138267567,17.549207495308206,17.951770782470703,1302100,0.0,0.0
17.612112117172796,18.335466482039266,17.612112117172796,18.272565841674805,1828700,0.0,0.0
18.555618888160602,18.819800628794802,18.467558707859194,18.71916007995605,2086600,0.0,0.0
18.74431530532841,19.121717876520396,18.74431530532841,19.002206802368164,1503400,0.0,0.0
19.058818460042264,19.32300015670381,18.914147845133023,19.310420989990234,1332700,0.0,0.0
19.310420989990234,19.429930872012765,19.090269376150648,19.310420989990234,1807200,0.0,0.0
19.216072987273108,19.310424553278867,18.995922532539673,19.304134368896484,1130200,0.0,0.0
19.153165638177214,19.28525585650213,18.99591469270689,19.08397483825684,613000,0.0,0.0
18.995917754677308,18.995917754677308,18.436103482749886,18.492713928222656,1217300,0.0,0.0
18.285141621366048,18.80721476584532,18.247401726509487,18.72544479370117,801800,0.0,0.0
18.568195221914586,18.939307615015174,18.568195221914586,18.712865829467773,1063800,0.0,0.0
18.706576656424783,18.826087738552033,18.398364875974323,18.73802757263184,905700,0.0,0.0
18.6814164955169,18.9959184486419,18.486424420773986,18.8701171875,1618800,0.0,0.0
18.775773993068803,19.49283833540505,18.687712596835613,19.35445785522461,1546700,0.0,0.0
19.499116478896728,19.5934668025584,19.310415831573373,19.34186553955078,1804900,0.0,0.0
19.404768182515625,20.014901459017924,19.31041784899686,19.851360321044922,2703500,0.0,0.0
19.813615099118934,19.90796540726413,19.4991132721488,19.650074005126953,858000,0.0,0.0
19.97087044543737,20.316822052001953,19.97087044543737,20.316822052001953,1491400,0.0,0.0
20.34827113123523,20.392301203463095,19.951999281454945,19.9897403717041,871700,0.0,0.0
19.832496028897992,20.06522683091187,19.624924762361072,19.668954849243164,729100,0.0,0.0
19.68782637873039,19.882818498963253,19.18462361622949,19.24752426147461,1224900,0.0,0.0
19.750724259096252,20.58101050058702,19.71298435712434,20.442628860473636,2101600,0.0,0.0
20.12812809413541,21.222596115016355,20.002326813655085,21.19743537902832,2573700,0.0,0.0
21.197435312921208,21.197435312921208,20.448919016100593,20.750843048095703,1378400,0.0,0.0
20.75712577240793,21.19742892019932,20.631324530259093,21.09678840637207,1120600,0.0,0.0
21.096790091392286,21.19743061325779,20.706805969636573,21.008729934692386,938600,0.0,0.0
20.882925838981272,20.95211663824109,20.606162641942,20.643903732299805,1071000,0.0,0.0
20.662776440310086,21.027599841428195,20.662776440310086,20.84518814086914,1057000,0.0,0.0
20.75712929063171,20.75712929063171,20.54955684598482,20.599878311157227,868100,0.0,0.0
20.53698039327524,20.59987982991859,20.07151640395145,20.22876739501953,733800,0.0,0.0
20.222483366204678,20.44263384785904,19.939431033034566,19.977170944213867,959200,0.0,0.0
19.687822341918945,19.977164770827404,19.618632726093047,19.687822341918945,1795400,0.0,0.0
19.687817548958147,19.75071816599302,19.121714395103247,19.499116897583008,1032500,0.0,0.0
19.656372909863762,19.989745426317782,19.341870943305945,19.907974243164066,728500,0.0,0.0
19.78217615666768,20.052646867209774,19.593474238005165,19.631214141845703,651500,0.0,0.0
19.49912548405236,19.813627507988684,19.341874472084196,19.392194747924805,457600,0.0,0.0
19.392193991615024,19.66895609780947,19.153172990626608,19.159461975097656,621400,0.0,0.0
19.18461252909863,19.637494753620697,19.002200883279745,19.190902709960934,1090600,0.0,0.0
19.027368508047786,19.41735146485416,18.80721689693434,18.813507080078125,981000,0.0,0.0
18.844964523922254,19.17833716887222,18.807224609313103,19.096567153930664,698500,0.0,0.0
19.12172197107305,19.656375628103454,19.033661792172733,19.222362518310547,861500,0.0,0.0
19.18462301334763,19.656376038266014,19.12172237007918,19.51170539855957,1469200,0.0,0.0
19.687823669710802,20.524400096817967,19.505413143302444,20.461498260498047,2019500,0.0,0.0
20.631320820268066,20.88292325932178,20.568421410233977,20.757122039794922,2086300,0.0,0.0
20.757124363031604,21.103075955857,20.757124363031604,20.91437530517578,1655600,0.0,0.0
20.91438859752496,20.91438859752496,20.04007318743684,20.05265235900879,1279500,0.0,0.0
20.447078038516675,20.447078038516675,19.91065636216259,19.98007583618164,1621400,0.105,0.0
20.00531186502062,20.131527618410107,19.374229486990874,19.639284133911133,1520500,0.0,0.0
19.500445284915894,20.036865548205093,19.37422953123816,19.740257263183594,1012100,0.0,0.0
19.405786469077306,19.860165426242816,19.405786469077306,19.468894958496094,1170000,0.0,0.0
19.56355846711714,19.740262009182374,19.10917947798505,19.32374763488769,982700,0.0,0.0
19.248022205896977,19.468901389982282,19.09025153207815,19.2227783203125,1179400,0.0,0.0
19.090244298865848,19.096555267870766,18.2067291009795,18.33294486999512,2271000,0.0,0.0
18.017400098645282,18.497022815449103,17.985846463520218,17.99846839904785,1468900,0.0,0.0
10.728402639228594,12.754176912744935,10.696848995296845,12.261933326721193,16214200,0.0,0.0
12.261934356704574,12.74786821771515,12.167272213263491,12.350285530090332,7512000,0.0,0.0
12.337660652325662,12.691067669109756,11.485700360517088,12.148336410522461,6603900,0.0,0.0
11.5172549146723,11.864349786787455,11.27113314003407,11.391037940979006,6083800,0.0,0.0
10.88616860982401,12.110468489064578,10.72839805026134,12.028427124023438,5541200,0.0,0.0
12.495429919785053,12.937188041711352,12.432322648390477,12.848836898803713,3848700,0.0,0.0
12.87407930480984,13.360012988307805,12.621646613282987,13.08233642578125,4132900,0.0,0.0
13.883818179443988,14.578009329155108,13.719736547425384,13.827020645141602,5983200,0.0,0.0
13.827019190727118,13.883816719055176,13.31584263946909,13.883816719055176,2352100,0.0,0.0
13.883814752622433,14.073139017771373,13.202245712914195,13.89643669128418,2966800,0.0,0.0
13.902746339699359,14.047895009435766,13.378947971946692,13.599825859069824,2067300,0.0,0.0
13.568269997097067,14.073135375976562,13.473607889018913,14.073135375976562,1882100,0.0,0.0
13.505166945369366,15.070251451882148,13.505166945369366,14.969278335571287,3185100,0.0,0.0
14.956653131560348,15.139666398826066,14.508584008527215,14.62217903137207,2512400,0.0,0.0
14.609565073948419,14.843066215515135,14.224605424125706,14.843066215515135,2063500,0.0,0.0
14.849372890108382,14.849372890108382,13.63769434145,13.902749061584473,1811000,0.0,0.0
13.902746762731006,13.902746762731006,13.492542208576756,13.50516414642334,1883400,0.0,0.0
13.189621568303235,14.294015738916807,13.189621568303235,14.104691505432127,2858500,0.0,0.0
14.136242036987113,14.685284119363368,14.129931070098436,14.514891624450685,2085800,0.0,0.0
14.514901223077116,14.792577931335705,14.167806240524873,14.704225540161133,1709200,0.0,0.0
14.691605196069455,14.697916167300935,14.256157810654782,14.319266319274902,1580600,0.0,0.0
14.16148802813664,14.306636677260478,14.060514950164055,14.16779899597168,1345200,0.0,0.0
14.514896348582392,14.514896348582392,13.442055702209473,13.442055702209473,2013200,0.0,0.0
13.378950755109994,13.505166544908722,13.252733761616813,13.397882461547852,1600900,0.0,0.0
12.62165755902323,13.158078246020729,12.495440501954972,13.00661849975586,8300500,0.0,0.0
13.000304199450119,13.360021155231063,12.93719568706694,13.252737045288086,2998500,0.0,0.0
13.568271168045975,13.631379646775706,13.151756893601485,13.233797073364258,2511700,0.0,0.0
13.315845118970131,13.36002071507453,13.0318574244494,13.094965934753418,2139400,0.0,0.0
12.937188279441054,13.555648698547268,12.874079803192773,13.467297554016113,2478900,0.0,0.0
13.473608586715624,13.498851255119725,13.25272952063293,13.34108066558838,1097000,0.0,0.0
13.271658527319849,13.372631578672395,13.126508712768555,13.126508712768555,1386800,0.0,0.0
13.378948779561453,13.726043654873648,13.25904277381781,13.574584007263185,3083900,0.0,0.0
13.883818564386544,13.915372216009562,13.631385740318446,13.744980812072756,1908000,0.0,0.0
13.883812571878202,14.357124364101322,13.631379856764696,14.294015884399414,1799700,0.0,0.0
14.388679966652914,15.057628257655725,14.2940178360225,14.874613761901855,2295400,0.0,0.0
14.89354611251228,15.366857951657623,14.89354611251228,15.108114242553713,1816500,0.0,0.0
15.145978126825545,15.461519337801075,14.893545398783958,15.385788917541506,1891700,0.0,0.0
15.051315947923115,15.30374867501965,14.988207465225429,15.070247650146484,1293500,0.0,0.0
15.070255007793405,15.827554762508454,15.070255007793405,15.272202491760256,1809100,0.0,0.0
15.398415103979811,15.398415103979811,15.063942098413944,15.240644454956055,1274600,0.0,0.0
15.114424334636624,15.22170839343312,13.890124111375599,15.145977973937988,3652700,0.0,0.0
15.461519828500915,15.93483165998564,15.335302858627298,15.871723175048828,1783100,0.0,0.0
15.997935150184231,16.09259724618774,15.55617709724271,15.682394027709961,1303900,0.0,0.0
15.840169086150858,16.092601815060018,15.7455069632717,16.02949333190918,2611700,0.0,0.0
16.092600284381877,16.218817238678188,15.783370070419394,16.162019729614258,2603700,0.0,0.0
16.218816383987328,16.496491742895895,15.966382488697331,16.47756004333496,1688900,0.0,0.0
16.4775615733322,16.780480831374447,16.193574016608757,16.345033645629886,1871300,0.0,0.0
16.345030647041277,16.345030647041277,15.682394741176404,15.915894508361815,1852000,0.0,0.0
16.073670328362137,16.12415687860209,15.7770619961642,16.086292266845707,632000,0.0,0.0
16.2440605596158,16.408142125312214,16.143087473601714,16.345033645629886,1436200,0.0,0.0
16.35134551019828,16.43969666437967,16.06104817291989,16.357656478881836,1212700,0.0,0.0
16.35449428496067,16.35449428496067,16.094698070311996,16.139053344726562,1112200,0.105,0.0
16.158060200309652,16.272117289215707,15.82222557281853,16.202415466308597,1542200,0.0,0.0
16.221415492909376,16.620613852077234,16.06300323459696,16.54457664489746,1787800,0.0,0.0
16.51923461890768,16.696656831807466,16.31646706621647,16.626955032348633,1587800,0.0,0.0
16.664978953529086,16.696662149095765,16.44320262751398,16.633296966552734,1469800,0.0,0.0
16.664973223250943,17.247930526733402,16.645964521037442,17.247930526733402,1453200,0.0,0.0
17.36199486010573,17.615454400896024,17.10853531931544,17.495061874389652,1449400,0.0,0.0
17.50773449551624,17.61545495481318,17.304966856507985,17.5330810546875,1015200,0.0,0.0
17.552090881023712,17.72317532016098,17.026161866912545,17.108535766601562,1578300,0.0,0.0
17.108531938369758,17.26060763279111,16.823389255960855,16.848735809326172,2039500,0.0,0.0
16.855066511847664,16.981795608273732,16.64596235458438,16.823383331298828,1726200,0.0,0.0
16.95011372049182,17.171891151076018,16.601607192852196,16.943777084350586,1126700,0.0,0.0
16.981803158579822,17.342984325883325,16.981803158579822,17.298627853393555,1481700,0.0,0.0
17.051504431719586,17.266945313975675,16.810718203157617,17.000812530517578,1697400,0.0,0.0
17.007144366172998,17.27327707447129,16.975462390090552,17.247930526733402,1445500,0.0,0.0
17.24792918576621,17.463369990428852,16.981796498158822,17.34297752380371,1144700,0.0,0.0
17.34298041076924,17.640795121571067,17.34298041076924,17.51406478881836,1769000,0.0,0.0
17.520401851961314,17.520401851961314,17.36198953646693,17.507728576660153,2278600,0.0,0.0
17.520403830775304,17.590105644214013,17.463375294069127,17.48872184753418,384200,0.0,0.0
17.36199309468945,17.647135804453427,17.36199309468945,17.53941535949707,773900,0.0,0.0
17.54575586090263,17.723176956176758,17.361996916693776,17.723176956176758,528000,0.0,0.0
17.742175436277325,18.020981388681108,17.678810282286943,17.919597625732422,740200,0.0,0.0
17.761193303021464,17.951287641575295,17.71050139883442,17.792875289916992,821500,0.0,0.0
17.634459975732447,17.647133251797726,17.235261448397193,17.520402908325195,965100,0.0,0.0
17.488719872298464,17.609113570479416,17.4253547043827,17.507728576660153,1197300,0.0,0.0
17.48872289559377,18.135045544603013,17.425357716723994,18.02098846435547,1287600,0.0,0.0
17.83722962824389,17.96395998642218,17.488722956139,17.824556350708008,1041200,0.0,0.0
17.666139540935742,17.710496001097148,17.273277705368663,17.406343460083008,2015800,0.0,0.0
17.342976549176914,17.457032372950614,16.829719903541363,16.899421691894528,1453700,0.0,0.0
16.899425193196866,17.374662120779917,16.804378049398256,17.285951614379886,825700,0.0,0.0
17.266934004660865,17.349307836940433,16.87407112121582,16.87407112121582,1209800,0.0,0.0
16.855078683161395,16.950125876263435,16.424196785268794,16.582609176635742,1943600,0.0,0.0
16.582604047791865,16.741016390163363,16.13271236698988,16.481220245361328,2270300,0.0,0.0
16.443196902655973,16.595272562658437,16.41785035502728,16.512897491455078,3842300,0.0,0.0
16.411523539589854,16.766366958618164,16.063016761260883,16.766366958618164,2385700,0.0,0.0
16.607946974304294,16.855071014238902,16.481217844025853,16.506563186645508,1953600,0.0,0.0
16.500223566388918,16.538242174956743,16.15171582731623,16.297454833984375,1998600,0.0,0.0
16.297458973525508,16.506563186645508,16.09469139820794,16.506563186645508,1570000,0.0,0.0
16.417859720787376,16.709339141845707,16.41152308026539,16.709339141845707,1446100,0.0,0.0
16.709332090653735,17.577430929795412,16.614283731524132,17.146549224853516,2051700,0.0,0.0
17.108530606355732,17.26694292678495,17.03882879861804,17.146549224853516,1062000,0.0,0.0
17.304961975064174,17.45070223200709,17.045165859795233,17.140213012695312,1430300,0.0,0.0
17.10854099388521,17.171906202247396,16.493901252530918,16.829734802246097,2959400,0.0,0.0
16.829724233125575,17.16555878052641,16.72834044685175,17.13387680053711,1494400,0.0,0.0
17.20358305481765,17.26061160442158,16.95646014559426,17.03249740600586,1120000,0.0,0.0
16.981797745276804,16.981797745276804,16.481215515509113,16.512897491455078,788000,0.0,0.0
16.639626608084356,16.772692347734328,16.360820647297498,16.652299880981445,983000,0.0,0.0
16.50655230999652,16.601600605812852,16.189727880180158,16.386159896850586,1075400,0.0,0.0
16.664985886116884,16.664985886116884,15.986980930616056,16.26578712463379,1694600,0.0,0.0
16.158053062838537,16.918432513937454,16.158053062838537,16.867740631103516,1655900,0.0,0.0
16.82338997458637,16.82338997458637,15.872915937409962,16.531911849975586,2083600,0.0,0.0
16.348155405254694,16.348155405254694,15.87925495502852,16.189743041992188,2305700,0.0,0.0
16.474882278123413,16.855072110875067,16.41151710456645,16.779033660888672,1753100,0.0,0.0
16.855067279645258,16.937441135645088,16.652299749255093,16.747346878051758,876000,0.0,0.0
16.633295951287508,16.63963259001407,16.151722285381307,16.221424102783207,1630400,0.0,0.0
16.158061822627182,16.26578228312165,15.961630821228027,15.961630821228027,1116700,0.0,0.0
15.96796298380563,16.398843496377662,15.955289707632591,16.31013298034668,1428700,0.0,0.0
16.31647479418015,16.588944275379774,16.221427609912734,16.272119522094727,1491500,0.0,0.0
16.22142062723633,16.538245244140988,16.139045550030726,16.430524826049805,1311600,0.0,0.0
16.42419091752307,16.639631789500445,16.322807119956085,16.557256698608402,1867900,0.0,0.0
16.66859924263702,16.92944362992886,16.43956467293032,16.897632598876953,1116700,0.105,0.0
17.056675915369638,17.164830942027415,16.700401033100686,16.967607498168945,942700,0.0,0.0
17.336609822460726,17.71833358418066,17.304800014595056,17.362058639526367,2315000,0.0,0.0
17.432041710301608,17.902833938598633,17.432041710301608,17.902833938598633,1898100,0.0,0.0
17.934645758807758,18.29092074484986,17.75014545404795,18.278196334838867,1975100,0.0,0.0
18.322726678260857,18.704450403530096,18.106416607723826,18.507226943969727,1846800,0.0,0.0
18.513594643147503,19.07981758873524,18.49450802650524,18.971662521362305,2297700,0.0,0.0
19.07980329335692,19.410630453153747,18.768062735901896,19.34700965881348,3328600,0.0,0.0
19.658761387997107,20.04048515749991,19.531520940473772,20.021398544311523,3067000,0.0,0.0
19.81145065310494,20.021398544311523,19.626951579482874,20.021398544311523,1724100,0.0,0.0
19.773272746042334,19.84961796257195,19.391549090326322,19.588773727416992,2236400,0.0,0.0
19.53151843095299,19.747828498762946,19.404276786311986,19.72237968444824,1757400,0.0,0.0
19.722380183431497,19.824173016333194,19.506070110148816,19.65239715576172,850000,0.0,0.0
20.35222215543895,20.83573867957324,20.35222215543895,20.797565460205078,3822700,0.0,0.0
20.823021364859308,21.026607083627024,20.517642786707736,20.924814224243164,1220100,0.0,0.0
21.21747091617204,21.22383433579061,20.613077106816338,20.73395538330078,1570600,0.0,0.0
20.511281426776694,21.370158510735138,20.511281426776694,20.70850372314453,2958600,0.0,0.0
20.71485616883493,20.867544160822906,20.26314954091775,20.52399253845215,2775400,0.0,0.0
20.62578246189578,20.867541246871305,20.447645687140945,20.5494384765625,1382800,0.0,0.0
20.67668681516709,21.153841126286334,20.08501527522465,20.167722702026367,1815000,0.0,0.0
20.358588216810496,20.536725087089078,20.085019493492478,20.39039802551269,2599700,0.0,0.0
20.390400696713538,20.835745357684267,20.244073615967885,20.759401321411133,1359600,0.0,0.0
20.759400833905055,21.077503808994912,20.67669338084043,20.772125244140625,1229700,0.0,0.0
20.64488079749089,20.683051596140704,20.23134601461092,20.638517379760746,1352000,0.0,0.0
20.294961450639285,20.485823887433646,20.104100227310983,20.25042724609375,1690200,0.0,0.0
20.0913835285924,20.104107938619254,19.83690139538791,19.900522232055664,1440100,0.0,0.0
19.881431133516365,19.881431133516365,19.63331126127929,19.72237968444824,2080900,0.0,0.0
19.72237918899366,19.849620830438173,19.56332774392113,19.792362213134766,1489000,0.0,0.0
19.716016267244125,19.8750677065218,19.43608539434489,19.843257904052734,1643200,0.0,0.0
20.13591360830329,20.294965060522856,20.07229278472221,20.17408561706543,1953300,0.0,0.0
20.333135031465293,20.975704193115234,20.180445798253228,20.975704193115234,4568300,0.0,0.0
20.97571053927613,20.97571053927613,20.504917077601913,20.613073348999023,2401800,0.0,0.0
20.61307098963845,20.72122482172329,20.485829331295946,20.638517379760746,2221700,0.0,0.0
20.676683424030756,20.829373846396717,20.422200195731445,20.562166213989254,1530000,0.0,0.0
20.581258681898134,20.85482739693834,20.581258681898134,20.803932189941406,1042800,0.0,0.0
20.54944796563845,20.816655678090196,20.428569730798767,20.78484344482422,1384600,0.0,0.0
20.791213282190252,20.994799017906193,20.148645045420157,20.358592987060547,1653000,0.0,0.0
20.35858628012652,20.517637735440008,20.224983640127014,20.441293716430664,1440300,0.0,0.0
20.199541479349136,20.5112835023142,20.174092655651293,20.358592987060547,856300,0.0,0.0
20.352215098741453,20.5494384765625,20.040474529454716,20.5494384765625,1269900,0.0,0.0
20.676693866404236,20.950262625560537,20.45402274938545,20.759401321411133,1517400,0.0,0.0
20.60034888831969,20.740312543932685,20.33314113318026,20.727590560913086,1170000,0.0,0.0
20.65124181157595,20.85482749438044,20.41584632088316,20.45401954650879,943900,0.0,0.0
20.517636306817128,20.600343737362444,20.35858486257824,20.42856788635254,1494400,0.0,0.0
20.428567298451476,21.300168508256245,20.428567298451476,21.192014694213867,2656500,0.0,0.0
21.312892804585573,22.03816697738767,21.223824387144248,21.999996185302734,3191500,0.0,0.0
21.9999933518285,21.9999933518285,21.2810802613217,21.40195846557617,1704500,0.0,0.0
21.31289438080769,21.484670238690878,21.0456891087222,21.21746253967285,1215500,0.0,0.0
21.00115788525582,21.185658197995483,20.70850372314453,20.70850372314453,939500,0.0,0.0
20.772118184029484,20.994789220136813,19.976859803133927,20.072290420532227,2632700,0.0,0.0
20.29496504655977,20.663964366916627,20.224983232788386,20.23134422302246,2214300,0.0,0.0
20.19953276907804,20.54944544977008,20.072291132390284,20.07865333557129,1304500,0.0,0.0
20.040482102249676,20.085016312766744,19.531517962817126,19.677845001220703,1567900,0.0,0.0
19.646042664826336,20.31405975814892,19.563336410674065,20.2695255279541,1237600,0.0,0.0
20.422199737027555,20.663958555788547,20.224977545110747,20.58125114440918,938900,0.0,0.0
20.422205374418272,20.83574011853629,20.345861357341846,20.75303268432617,1405100,0.0,0.0
20.663959976568943,21.10930443324416,20.625786762477226,20.93752861022949,1080100,0.0,0.0
20.87391762574968,20.931176257044765,20.651244092076322,20.791210174560547,869700,0.0,0.0
20.63215260811994,20.64487701431573,20.28860092163086,20.28860092163086,1050700,0.0,0.0
20.613067946053164,20.676687552364395,20.231343027388526,20.23770523071289,1316600,0.0,0.0
20.19317684921665,20.19317684921665,19.658763750385717,19.945056915283203,1525300,0.0,0.0
19.881435617015377,20.03412489693807,19.626953483810887,19.900522232055664,1277000,0.0,0.0
19.84962036529562,20.040481609523653,19.690568923950195,19.690568923950195,907500,0.0,0.0
19.91323538549159,19.91323538549159,19.51242637952352,19.569684982299805,692900,0.0,0.0
19.5984150448108,19.73247527654518,19.47073758995881,19.54096031188965,1326400,0.105,0.0
19.470738150271856,19.630334364618346,19.030252257741246,19.23453521728516,1560600,0.0,0.0
19.406902313232425,19.706944020197632,19.374983552655245,19.406902313232425,1538700,0.0,0.0
19.56649495239401,19.72609116116985,18.730211159342872,18.736595153808594,1401000,0.0,0.0
18.768518447875977,19.068560172221137,18.685528934994537,18.768518447875977,1444600,0.0,0.0
18.768515706758894,19.030253416819033,18.685526205997967,18.93449592590332,900000,0.0,0.0
18.864282510830947,19.0238788136895,18.60254467155279,18.685535430908203,1428300,0.0,0.0
18.69190717397152,18.979179600195657,18.525926981707137,18.851503372192386,944000,0.0,0.0
18.99195121251461,19.311143669867803,18.95364845856655,19.055789947509766,1032200,0.0,0.0
19.087708598675363,19.45158780318866,18.76213214789437,18.79405212402344,1317600,0.0,0.0
18.877043033407713,18.94726576850199,18.359951557809623,18.481245040893555,1731500,0.0,0.0
18.481237359968308,18.54507485520708,18.29610521443379,18.404630661010746,820100,0.0,0.0
18.385485910974428,18.385485910974428,17.87477844252284,18.162052154541016,1611300,0.0,0.0
18.353566921570074,18.70467814954236,18.328030939655108,18.634456634521484,1879300,0.0,0.0
18.64722520121557,18.736599928890733,18.545083698977734,18.56423568725586,2165200,0.0,0.0
18.449323687565,19.055789840168877,18.404636938606888,18.79405212402344,2501600,0.0,0.0
18.832353596299217,19.068556533091453,18.583383887546674,18.640838623046875,1782500,0.0,0.0
18.002456923265832,18.78128616053103,18.002456923265832,18.51954841613769,2776700,0.0,0.0
18.577002859202228,18.589770850823893,17.970536651022773,18.193971633911133,1724200,0.0,0.0
18.19396430971507,18.423783195897947,17.779014490035483,17.785398483276367,2267200,0.0,0.0
17.753474461149782,17.83646513669915,17.178928594574366,17.523656845092773,1797200,0.0,0.0
17.65133808857702,17.868389000920423,17.19170150706162,17.683258056640625,3702500,0.0,0.0
17.715182639477014,17.874778879472306,17.619425139004377,17.6768798828125,2342300,0.0,0.0
17.619424298827642,17.75348454957218,17.30023183405766,17.306615829467773,1813100,0.0,0.0
17.306616761643635,17.306616761643635,16.725686541881778,17.057645797729492,1332400,0.0,0.0
17.057643808323064,17.530048480416955,16.94911832840808,17.332149505615234,1544700,0.0,0.0
17.491754501714887,18.059918166314077,17.427915737222232,18.015230178833008,745000,0.0,0.0
18.06629469043495,18.162053412823692,17.84924369689988,17.970537185668945,2018500,0.0,0.0
17.810938079673818,18.28334274929985,17.7151805902779,17.79817008972168,1969400,0.0,0.0
17.957765417573928,17.970533406890656,17.044876098632812,17.044876098632812,2612100,0.0,0.0
16.981039052491912,17.325766274848547,16.732068106632706,17.249160766601562,1982300,0.0,0.0
17.204469665861836,17.689641009044305,17.10871097833833,17.319377899169922,1733500,0.0,0.0
17.172555421662036,17.23639416208318,16.278816708634114,16.859746932983402,2583400,0.0,0.0
16.86613464196172,17.159791207877344,16.43203257267518,16.789527893066403,2093800,0.0,0.0
17.395991100104098,17.52366858605304,16.598009856980056,16.78314208984375,1623600,0.0,0.0
16.776753160081896,17.13424831093504,16.725682424245733,16.732065200805664,1781700,0.0,0.0
16.72568330010544,16.72568330010544,16.068146476362568,16.100065231323242,1754500,0.0,0.0
16.09368194496403,16.119217924154164,15.129721865364,15.385075569152832,2937200,0.0,0.0
15.321242095126689,15.704273391029439,14.938210799223935,15.072272300720215,2599600,0.0,0.0
14.842448346755084,16.304350295259873,14.561558660763907,16.278814315795902,4328400,0.0,0.0
16.119220515518045,16.470331762470348,15.49360353625412,16.055381774902347,2467800,0.0,0.0
16.02346177410203,16.457563715566778,15.83194556706738,15.978775024414062,1915800,0.0,0.0
16.278816294447285,17.204474962945312,16.21497755565041,17.076797485351562,1607400,0.0,0.0
17.076799604720648,17.389608124262473,16.73845509944178,17.14063835144043,1564300,0.0,0.0
17.140636982715563,17.293849232034948,16.598009505361883,16.91720199584961,2032100,0.0,0.0
16.78952609864403,16.981042341602066,16.380960061863426,16.406496047973633,1732700,0.0,0.0
16.406490686790754,16.406490686790754,15.225478502817932,15.282933235168455,3079500,0.0,0.0
15.282938354539175,15.385079864571988,14.86160432124812,14.995664596557615,2126500,0.0,0.0
15.321242060425934,15.736192122704553,15.231868538046117,15.525525093078613,1595500,0.0,0.0
15.831948678833141,15.831948678833141,15.14249287676576,15.602130889892578,1298200,0.0,0.0
15.538292435467882,16.24690024068832,15.321241417970144,16.112838745117188,1604900,0.0,0.0
16.151135665837366,16.26604512972887,15.76810574302891,15.927701950073242,1369600,0.0,0.0
15.768110182366366,16.151140213012695,15.608513930389467,16.151140213012695,1134700,0.0,0.0
15.991538641729305,16.21497356369978,15.646811485290527,15.646811485290527,1540100,0.0,0.0
15.64681619310703,16.055382195555683,15.193562218720665,15.934088706970215,2265300,0.0,0.0
15.959626725576456,16.47033429374575,15.953242728771476,16.43841552734375,1895000,0.0,0.0
16.432028686439665,16.68738242632701,16.18305894225234,16.342655181884766,1617800,0.0,0.0
16.342655158788553,16.942737359892753,16.310735180333573,16.878898620605472,2081700,0.0,0.0
16.661848408806186,16.7193031550618,16.3745746775281,16.451181411743164,1733700,0.0,0.0
16.591627020339867,16.725688511716722,16.425646764056673,16.598011016845707,1767100,0.0,0.0
16.59800544597683,17.08317805897392,16.470327993958808,17.051258087158207,1575400,0.0,0.0
16.891663982365582,16.968270706631188,16.687381007820726,16.846977233886722,1506400,0.0,0.0
16.88528229581489,16.917201056041378,16.60439257885571,16.821443557739258,964500,0.0,0.0
17.108708474301125,17.127860452527198,16.46394103644428,16.534162521362305,1618800,0.0,0.0
16.345081329345707,16.47327853468596,15.78742507546849,16.024589538574222,2055400,0.105,0.0
15.800245416657622,15.864344020853677,15.550262205130114,15.614360809326172,2069400,0.0,0.0
15.550257165647393,15.896387560006444,15.498978543424617,15.684863090515135,1184600,0.0,0.0
15.563085512368918,15.563085512368918,14.915691793873439,14.966970443725586,1865500,0.0,0.0
14.97337685606908,15.511803162371507,14.928508200973738,15.38360595703125,1623200,0.0,0.0
15.005428396180386,15.223362953104873,14.909281085202974,15.063117027282715,2627200,0.0,0.0
15.19131462855353,15.550265168852905,15.075937363526734,15.51180648803711,3523100,0.0,0.0
15.383605165172394,15.646408322271096,15.095162079293775,15.58230972290039,2687100,0.0,0.0
15.832292604309922,16.223291699689813,15.607948139537148,16.15278434753418,3139400,0.0,0.0
16.345084885581063,16.43482221529609,16.313036188562673,16.409183502197266,3034100,0.0,0.0
16.313030147957242,16.319438906924265,15.639996756575995,15.915619850158693,5141900,0.0,0.0
15.672041305541706,16.293794631958008,15.383598347494758,16.293794631958008,3631100,0.0,0.0
16.165597490030795,16.313024570020655,15.86433579585397,16.293794631958008,3309700,0.0,0.0
16.377127334581715,16.479684593009374,15.889980968339806,15.960488319396973,3001600,0.0,0.0
15.96049093590409,16.050229468673933,15.646409127657535,15.864343643188475,2251100,0.0,0.0
15.857933167304768,15.857933167304768,14.90286780722844,14.934916496276855,3358200,0.0,0.0
15.704097928640618,16.178425637734954,15.486163410600088,16.13996696472168,5822000,0.0,0.0
16.146376282062413,16.486096787744454,16.088687663629774,16.473278045654293,3699500,0.0,0.0
16.056634328286496,16.152782820225738,15.69127397116972,15.704093933105467,4452900,0.0,0.0
15.8643401643699,16.351487726227695,15.639995715509498,16.28097915649414,3584600,0.0,0.0
16.28098626896486,16.473282118813472,15.979724360221958,16.409183502197266,4784300,0.0,0.0
16.345084885581063,16.537379512850247,16.172018987491146,16.409183502197266,2394600,0.0,0.0
16.024587395282953,16.34507914318861,15.793832945565601,16.088685989379886,2618600,0.0,0.0
16.056632891072766,16.17842007340359,15.748961167627392,16.0950927734375,3336200,0.0,0.0
16.09508877446687,16.216874703960126,15.524612886917383,15.575891494750975,2838300,0.0,0.0
15.543850859559774,15.992539827011688,15.460523537216515,15.46693229675293,2086800,0.0,0.0
15.62717838956823,15.787424276847794,15.12080202150594,15.17849063873291,1997400,0.0,0.0
15.178491925844801,15.18490190858903,14.146507933028506,14.293933868408205,4565400,0.0,0.0
14.293930326248908,15.42206133550966,14.293930326248908,15.24899673461914,4827100,0.0,0.0
14.902866366672793,14.992603665397368,14.62724326621416,14.659293174743652,4617200,0.0,0.0
14.652881782517897,14.800307679825007,14.43494731581222,14.691340446472168,3886000,0.0,0.0
15.127208226664784,15.684863090515135,14.838765212549912,15.684863090515135,4019100,0.0,0.0
15.319507412848589,15.511803221593132,15.114392861584411,15.364376068115234,1941800,0.0,0.0
15.575901100263168,15.691278344685434,15.364376559682087,15.56949234008789,4365600,0.0,0.0
15.569493309478151,15.678459355351196,15.184902878318242,15.409247398376465,1818100,0.0,0.0
15.639998098958529,15.80665396572143,15.402834874296026,15.646408081054688,2136700,0.0,0.0
15.652821432686936,15.806657368373324,15.319509627410095,15.755378723144533,2023800,0.0,0.0
15.755377342603314,16.33867233943778,15.53103283091793,16.261754989624027,2147500,0.0,0.0
16.268160348128568,16.409177497597792,15.883571234322647,16.15278434753418,1859200,0.0,0.0
16.313038240303005,16.67198882688885,15.979726370040646,16.665578842163086,3758000,0.0,0.0
16.665573992268026,16.665573992268026,16.31303349300174,16.447639465332028,3142600,0.0,0.0
16.447639008661195,17.518081665039062,16.300213074703446,17.518081665039062,7140900,0.0,0.0
17.55654015854197,17.595000054242057,17.05657374023257,17.082212448120114,4636900,0.0,0.0
17.338605766049145,17.466802974157204,16.99888524294741,17.216819763183597,3373300,0.0,0.0
17.30655825804652,17.30655825804652,16.947607762424045,17.075803756713867,2145700,0.0,0.0
17.075799338050995,17.19117655886144,16.665570306350702,16.742488861083984,1958600,0.0,0.0
16.793762114247347,17.37064681105585,16.71043360474541,17.36423683166504,2926400,0.0,0.0
18.159057282701983,18.562876233609988,18.03086013054588,18.248794555664066,4284700,0.0,0.0
18.357769441659727,18.75517980139584,18.178294820716253,18.72953987121582,3223400,0.0,0.0
18.735952273717746,19.088494023752684,18.357771812770427,19.07567405700684,3506400,0.0,0.0
18.94106219933727,18.94747218113588,18.22316135399935,18.47314453125,1979400,0.0,0.0
18.47956001333635,18.844920526550442,18.47956001333635,18.678264617919922,1600400,0.0,0.0
18.67185100123897,18.67185100123897,18.139834682908553,18.15265464782715,1516900,0.0,0.0
18.12060302698176,18.56929072334221,18.12060302698176,18.25520896911621,1863400,0.0,0.0
18.23598709689978,18.697494929448347,17.92831398595467,18.447511672973636,1563000,0.0,0.0
18.46032248603625,18.87055271683584,18.46032248603625,18.51801109313965,1532700,0.0,0.0
18.492372462538388,18.941060136360754,18.364175285686915,18.838502883911133,1695700,0.0,0.0
18.81287219323034,18.844920889801163,18.31931444153155,18.447511672973636,3005700,0.0,0.0
18.171885344994468,18.178295327718253,17.710376369515764,17.973180770874023,3122000,0.0,0.0
17.627058341360573,17.947550311203496,17.338615079470014,17.83858299255371,5030900,0.0,0.0
17.94753945470942,18.646211624145508,17.883440854998213,18.646211624145508,2802900,0.0,0.0
18.58851366846865,18.69107088745392,18.40262794494629,18.40262794494629,1885100,0.0,0.0
18.40905288367672,18.556480075527766,18.030872372881323,18.184709548950195,1909600,0.0,0.0
17.853369799308258,17.982043225647065,17.505952284465927,17.58315658569336,3242500,0.105,0.0
17.583158621464833,18.213655783858076,17.467352769776095,18.18148803710937,1922600,0.0,0.0
18.03994652231258,18.16861872422339,17.88553791662638,18.04637908935547,920100,0.0,0.0
18.046379215237955,18.110715930202524,17.756865838578552,17.795467376708984,2367300,0.0,0.0
17.801907945841556,17.801907945841556,16.959100217706148,17.306516647338867,5022300,0.0,0.0
17.306506727018267,17.75042862492374,16.984824441285134,17.563852310180664,3636100,0.0,0.0
17.692529003232032,17.756865717758846,17.235740661621097,17.235740661621097,2377400,0.0,0.0
17.0362986541437,17.473786889949956,16.946227979873314,17.351547241210938,2561500,0.0,0.0
17.351542532149313,17.351542532149313,16.740346908569336,16.740346908569336,1892700,0.0,0.0
16.746783042529604,16.94622574950197,16.566640490577335,16.888322830200195,2017700,0.0,0.0
16.952659298976062,17.119934260421196,16.778950543576805,16.984827041625973,1107000,0.0,0.0
17.010559998144505,17.010559998144505,16.66314253267212,16.965524673461914,1818400,0.0,0.0
16.836855126438255,16.920492001868322,16.663146353867145,16.70174789428711,1407400,0.0,0.0
16.643843950641642,17.11993364196174,16.566639653101856,17.023427963256836,1893800,0.0,0.0
17.029865836493176,17.029865836493176,16.682449482142033,16.92692756652832,1436100,0.0,0.0
16.920491002938473,17.036296844482422,16.431534914163006,17.036296844482422,2727100,0.0,0.0
16.727485104220847,16.836857171294817,16.277129245181882,16.38650131225586,3370700,0.0,0.0
16.39292595818304,16.508731755993427,15.903968826939359,16.444395065307614,5338800,0.0,0.0
16.341470322671963,16.347904119756482,15.949018517486953,16.129159927368164,3587000,0.0,0.0
16.084113540390494,16.29642379003883,16.051945804157903,16.161317825317386,1005600,0.0,0.0
16.161317825317386,16.431530981880762,16.14201644730554,16.161317825317386,582700,0.0,0.0
16.14845631423723,16.193491652751142,15.775304788823595,15.80103874206543,998600,0.0,0.0
15.801036650344713,15.987613001913259,15.768868906270509,15.93614387512207,3106800,0.0,0.0
15.923277018261466,16.206357842179948,15.794603581811021,16.051950454711914,1392600,0.0,0.0
16.058380837707187,16.49586898958227,16.019779302871342,16.489435195922848,3415200,0.0,0.0
16.405799196673055,16.7918182467248,16.322162328936866,16.759649276733402,2106800,0.0,0.0
16.759645602689346,16.759645602689346,16.354326486617413,16.573070526123047,2035800,0.0,0.0
16.57950782775879,16.714613819337757,16.515171115383733,16.57950782775879,2153300,0.0,0.0
16.21278885414146,16.347894834817673,16.077681646344626,16.187053680419922,3688500,0.0,0.0
16.08411943509402,16.277128377466777,16.026216506958008,16.026216506958008,4872200,0.0,0.0
16.032649071108096,16.212791636714552,15.994047531021295,16.051950454711914,4306400,0.0,0.0
16.032650610324097,16.199925602920597,15.98761527137907,16.019783020019528,2544100,0.0,0.0
16.013349583969813,16.19349217091061,15.981181834607986,16.077686309814453,2748800,0.0,0.0
15.826772554484048,16.1162859458163,15.76886963079343,16.051950454711914,4053500,0.0,0.0
16.084122406028612,16.277131384052492,16.01978567098027,16.199928283691403,3671700,0.0,0.0
16.199919970856378,16.37362869821358,16.116281890075268,16.174184799194336,1897100,0.0,0.0
16.212792375409865,16.270695301738687,15.7624365544348,15.794604301452635,2094700,0.0,0.0
15.762432674343465,15.903972444349668,15.62732669758126,15.704529762268065,2560900,0.0,0.0
15.736706746924211,15.910415585207016,15.665937433903347,15.710972785949707,2199900,0.0,0.0
15.69809254607486,15.76242923736572,15.537251431407864,15.762429237365724,2893000,0.0,0.0
15.75599876981291,15.77530014940858,15.517954557069242,15.56942367553711,2364100,0.0,0.0
15.575859688807268,15.595161072674644,15.38285075861688,15.53725814819336,1898100,0.0,0.0
15.376413560942172,15.685228271749375,15.054731263737855,15.56942367553711,4046300,0.0,0.0
15.440754372979624,15.530825047476648,15.138373374938967,15.138373374938965,2242700,0.0,0.0
15.054733045905307,15.505088806152346,15.054733045905307,15.505088806152346,3196500,0.0,0.0
15.50508697067213,15.691662064947932,15.344245822069972,15.56942367553711,2341600,0.0,0.0
15.440755264424956,15.447189059706318,15.016134592822947,15.054736137390135,2135400,0.0,0.0
15.164103707190524,15.312077273428793,14.951793434333695,15.022563934326172,1956300,0.0,0.0
14.861727427758494,15.035436221801314,14.829558450831493,14.913196563720705,1488300,0.0,0.0
14.913192614952042,15.016130859620096,14.771651608192967,14.78451919555664,1666400,0.0,0.0
14.78452619309804,14.797393786551972,14.507879069444845,14.752358436584473,2571600,0.0,0.0
14.752356838327296,14.945365810740793,14.668718717059296,14.745923042297365,2310500,0.0,0.0
14.752354907085554,14.893894719851627,14.501443030370845,14.700885772705078,2361900,0.0,0.0
14.610819734510855,14.617253532282175,14.096128184019792,14.211934089660645,3869700,0.0,0.0
14.21836172876224,15.009700105045338,14.21836172876224,14.958230972290039,2919800,0.0,0.0
15.099770605479465,15.247745434165742,14.829557354867484,15.138373374938965,4311700,0.0,0.0
14.977534576451463,15.022569920895085,14.797391971555884,14.951799392700195,3087700,0.0,0.0
14.951786753152582,15.427876205997192,14.951786753152582,15.228433609008787,3982000,0.0,0.0
15.22201102379195,15.440755153300044,15.054736029043351,15.344250679016113,3647200,0.0,0.0
15.215575521504155,15.2220093160174,14.733051977098393,14.758787155151367,2444500,0.0,0.0
14.340599040290813,14.733050653371219,14.057518242746356,14.726616859436035,4754900,0.0,0.0
14.63936247510323,14.63936247510323,14.283881754221785,14.34205150604248,3131600,0.105,0.0
14.342050738485739,14.542412521380935,14.128762070816506,14.45839023590088,2914300,0.0,0.0
14.600578244076248,14.859109704390686,14.548871952013359,14.846182823181152,2206000,0.0,0.0
14.872044427399757,14.910823858700907,14.548879623413086,14.548879623413086,2127100,0.0,0.0
14.503631910779236,14.53594788728937,14.148150005290368,14.186930656433105,2026500,0.0,0.0
13.993041356573055,14.148160376526759,13.76682565684942,14.14169692993164,4013100,0.0,0.0
13.824983033078206,13.915469971405564,13.650475062767086,13.818519592285154,3497700,0.0,0.0
13.818522237917133,14.154613826850419,13.656939885480998,14.128761291503904,3489500,0.0,0.0
13.967177194386654,13.973640635609796,13.676328503222166,13.715107917785645,2693700,0.0,0.0
13.715116578728555,13.812067025523415,13.424268936672394,13.456584930419922,2027300,0.0,0.0
13.314389615554605,13.443654792092975,13.146343776556462,13.411338806152346,3058400,0.0,0.0
13.579380378450011,14.290342940738974,13.579380378450011,14.26448917388916,2555300,0.0,0.0
14.258030494282641,14.41314944886406,14.180471633379865,14.316200256347654,3352400,0.0,0.0
14.316193783338175,15.162884823224749,13.896079983869278,15.15642261505127,4646300,0.0,0.0
15.15642668394424,15.44727420806885,14.930211121108007,15.447274208068848,4714600,0.0,0.0
15.835077068583887,15.893246838070155,15.5765454446316,15.80276107788086,7751500,0.0,0.0
15.64763709871185,16.087141369871787,15.382642093943485,15.957876205444336,4261800,0.0,0.0
15.990193580219733,17.412119142122965,15.990193580219733,17.289316177368164,7606200,0.0,0.0
16.64298458099365,16.649448023909645,16.112994589639133,16.15823745727539,5289100,0.0,0.0
16.138844125492067,16.34567056199154,15.932018921768053,16.248720169067386,4794100,0.0,0.0
16.09360582841195,16.16470247463701,15.951413768737636,16.028972625732422,2395200,0.0,0.0
15.8997104444591,16.14531518151746,15.77044401478036,16.093608856201172,2588400,0.0,0.0
15.932019947537059,15.983726251797128,15.82860733901692,15.847997665405273,2160700,0.0,0.0
15.576533882184515,15.70579898181928,15.414951583059725,15.58299732208252,2659600,0.0,0.0
15.498981471418073,15.673490736307047,15.298619666976506,15.39556884765625,3828600,0.0,0.0
15.705807406076575,16.416770150125785,15.686418308757775,16.326284408569336,4854200,0.0,0.0
16.487874217210756,16.675309228071832,16.358607757269358,16.449094772338867,3090800,0.0,0.0
16.52664125162003,16.694687030241568,16.40383833017056,16.416765213012695,3401400,0.0,0.0
16.966144796484443,17.289309459274627,16.966144796484443,16.99846076965332,5053500,0.0,0.0
16.998467402501323,16.998467402501323,16.694692944744066,16.772253036499027,3010000,0.0,0.0
16.778716296879228,16.901519269515507,16.423235499976634,16.429698944091793,2718500,0.0,0.0
16.436157780338604,16.449084664944888,16.06775019848856,16.390914916992188,1834900,0.0,0.0
16.39092090868999,16.39092090868999,15.983732524173467,16.164705276489258,3799800,0.0,0.0
16.17116709516186,16.79810637139918,16.145313319098026,16.70762062072754,2661300,0.0,0.0
16.701156588656822,17.121270572694627,16.675302813503304,17.11480712890625,3884600,0.0,0.0
17.095420561160445,17.257002981463376,16.72054939536869,16.81103515625,3480800,0.0,0.0
16.836886054390202,17.502606004674202,16.836886054390202,17.45736312866211,6131400,0.0,0.0
17.289313930743607,17.515529499757065,17.22468073491466,17.263460159301758,2325300,0.0,0.0
17.269928544891414,17.851626241060647,17.185906229209206,17.7869930267334,3733300,0.0,0.0
17.64479076090338,17.709423942454844,17.386259267472912,17.638328552246094,9335200,0.0,0.0
17.644793421945305,17.644793421945305,17.21821608525832,17.4185791015625,3584700,0.0,0.0
17.289314248826187,17.289314248826187,16.92090662843176,16.927370071411133,5122900,0.0,0.0
16.92737281497774,17.534921760201257,16.92090937095078,17.528459548950195,2844900,0.0,0.0
17.547847840773578,17.935645835115015,17.49614152371311,17.903329849243164,3942300,0.0,0.0
17.903330078113036,17.987352382119468,17.774063667421448,17.832233428955078,2642700,0.0,0.0
17.832234768565947,17.91625707888439,17.54784938334608,17.877477645874023,2518300,0.0,0.0
17.806375923591922,18.40746251167206,17.806375923591922,18.400999069213867,2707900,0.0,0.0
18.413930919932273,18.413930919932273,18.136008983159094,18.20710563659668,1817500,0.0,0.0
18.452708187308847,18.71124099392064,18.43331908975601,18.588438034057614,5268700,0.0,0.0
18.54965045196284,18.879277293218703,18.49794415992513,18.6336727142334,2908000,0.0,0.0
18.43977566524652,18.640137406247085,18.258803014577254,18.36867904663086,2650400,0.0,0.0
18.39454164990305,18.7823396949467,18.29112900226155,18.58197784423828,3076300,0.0,0.0
18.678920340061413,19.04732791909315,18.497948888060172,18.92452621459961,2672600,0.0,0.0
18.8728168665541,19.118421468718854,18.840499660496,18.85988998413086,3469200,0.0,0.0
18.8728206703609,19.034403034892158,18.71770051556836,18.756481170654297,2169200,0.0,0.0
19.183054985337684,19.3898801766445,19.0925692723348,19.202444076538086,3007000,0.0,0.0
19.228303685087365,19.590247879864744,19.195987701416016,19.195987701416016,4328000,0.0,0.0
19.034400320531805,19.14427636205545,18.82111167907715,18.82111167907715,4055600,0.0,0.0
18.96977507063475,19.215379789990173,18.497954732034945,18.69831657409668,3575900,0.0,0.0
18.779400638088,18.909136684282068,18.487492368935087,18.519926071166992,3439700,0.105,0.0
18.610743984935826,18.876704321360066,18.526414373523348,18.766427993774414,3427100,0.0,0.0
18.798866006168414,18.818326975707766,18.571826310609826,18.733997344970703,2171400,0.0,0.0
18.584786363417273,18.999944741615213,18.584786363417273,18.909128189086914,3823600,0.0,0.0
19.136169806811463,19.40861701965332,19.051841467314087,19.40861701965332,2905600,0.0,0.0
19.460516456493714,19.784858397435283,19.40862179543372,19.51241111755371,2749700,0.0,0.0
19.59025055267231,19.94053914873742,19.583763566432896,19.84972381591797,2080800,0.0,0.0
19.9470267794315,20.46597332268911,19.88215815220776,20.18704032897949,3268700,0.0,0.0
20.187045768727156,20.264887152558426,19.97946585822197,20.12217712402344,1854900,0.0,0.0
20.206500022734406,20.68652588389132,20.206500022734406,20.524354934692386,2711300,0.0,0.0
20.56327735694732,20.757882005845648,20.381645443980343,20.660579681396484,2360200,0.0,0.0
20.757883414363807,20.946002326694288,20.394620801047,20.401107788085934,3336100,0.0,0.0
20.36867226231238,20.42056691985298,20.174067605851683,20.27136993408203,1774400,0.0,0.0
20.433536759101493,20.46597044952701,19.92756302250799,19.992431640625,2685400,0.0,0.0
20.174069146405653,20.660582061975244,20.167582159059428,20.62814712524414,3349700,0.0,0.0
20.96546288114923,21.114659877156914,20.686528613755367,21.056278228759766,3396300,0.0,0.0
21.049793427891906,21.05627917821398,20.725451472067785,20.829240798950195,2513300,0.0,0.0
20.894107062298385,21.108173929258808,20.79680596557033,20.984922409057614,2524500,0.0,0.0
21.147092239175986,21.27034375273897,20.926539634125472,21.06276512145996,3073500,0.0,0.0
21.04979228140893,21.406567918477027,20.82923966447968,20.984922409057614,1523900,0.0,0.0
21.049791257849602,21.08222495518184,20.433541110407013,20.465974807739254,1821000,0.0,0.0
20.822756736038226,21.04979763521449,20.8097852328014,21.010875701904297,4138600,0.0,0.0
20.952492926049725,20.952492926049725,20.634637911169747,20.796810150146484,1729500,0.0,0.0
20.796806138310988,20.946003134159344,20.51787063394869,20.76436996459961,2088100,0.0,0.0
19.49295121508687,20.49841202901042,19.49295121508687,20.109201431274414,7978300,0.0,0.0
20.27137521377356,20.907085243533523,20.23894150833814,20.796810150146484,4311400,0.0,0.0
20.9524953528108,21.198995996829762,20.563285893440547,20.6800479888916,2230200,0.0,0.0
21.179524771007603,21.322233508903533,20.997891643954144,21.088706970214844,2848400,0.0,0.0
20.92654000889276,21.101684946145888,20.803290967655013,21.03681755065918,2310900,0.0,0.0
21.036822138201025,21.19899313681526,20.855191411603663,20.946006774902344,2668600,0.0,0.0
20.72544996958037,21.568738498682496,20.72544996958037,20.97195053100586,1104500,0.0,0.0
21.08222543357654,21.400081613523238,21.07573968377591,21.231422424316406,2206600,0.0,0.0
21.198991956573952,21.44549255361307,21.198991956573952,21.393596649169922,1718400,0.0,0.0
21.39359355829064,21.39359355829064,20.54381804207034,20.97195053100586,2829800,0.0,0.0
20.85518474233749,20.887618436781768,20.73193323910403,20.84221076965332,1915700,0.0,0.0
20.98492355200744,21.02384547753812,20.71896448447934,20.829240798950195,2352400,0.0,0.0
20.868160055424603,21.11466063242233,20.705990316290578,20.757884979248047,2216400,0.0,0.0
20.952484162331928,20.952484162331928,20.62814229457282,20.73841857910156,2120100,0.0,0.0
20.809786391207922,20.82275789516682,20.433548438531943,20.48544311523437,2154300,0.0,0.0
20.433540007772997,20.59571096021564,20.076764407305657,20.16109275817871,2468300,0.0,0.0
20.303800819361967,20.56327530839869,20.141629882347047,20.45948600769043,1551200,0.0,0.0
20.504892020903466,20.654088973999023,20.336234111517467,20.654088973999023,2918400,0.0,0.0
20.6670657613755,21.328723518230213,20.6670657613755,21.309261322021484,4805000,0.0,0.0
21.25736423823675,21.32871983811492,20.93302240208641,21.17303466796875,2085900,0.0,0.0
21.211968429449247,21.52982222071143,21.114664834431636,21.147098541259766,1965700,0.0,0.0
21.21844771326516,21.47143401375665,21.179528266747983,21.406566619873047,1777500,0.0,0.0
21.730916578697773,21.841191684007686,21.48441593657753,21.79578399658203,3001000,0.0,0.0
21.990387908291694,22.327701400248632,21.880110344952193,22.09417724609375,4302300,0.0,0.0
22.18499301210076,22.18499301210076,21.86065101623535,21.86065101623535,1534700,0.0,0.0
22.165524124146305,22.496354245883232,21.925511812467175,22.2563419342041,2395200,0.0,0.0
22.25634153949511,22.347156873410018,22.087682369768338,22.197959899902344,2222200,0.0,0.0
22.19795490086541,22.21741461816987,21.776309546036373,22.107139587402344,1819500,0.0,0.0
22.152555241360695,22.184988940087482,21.776317407438704,21.789291381835934,2416200,0.0,0.0
21.8606492952516,22.178503040438105,21.841187094349365,22.055253982543945,2398300,0.0,0.0
22.035793874443545,22.366621589656248,21.996871947846188,22.204450607299805,2185100,0.0,0.0
22.184986660038557,22.197960633102408,21.925512147826424,22.06173515319824,2144200,0.0,0.0
22.022816456762662,22.061735902744132,21.815237829753414,21.97092056274414,1448900,0.0,0.0
21.983893453095327,22.2563419342041,21.7309071685508,22.2563419342041,2587500,0.0,0.0
22.41202772358961,22.476897596785307,22.07471180656992,22.17850112915039,1906800,0.0,0.0
22.47689438369344,22.56122149499425,22.35364287950685,22.51581382751465,1844700,0.0,0.0
22.703936957568732,23.028278914105424,22.580687904916573,22.65852928161621,1527300,0.0,0.0
22.872591991588077,23.268289545171637,22.872591991588077,23.021791458129886,1621700,0.0,0.0
23.09315299987793,23.190456604816422,22.905036491281496,23.09315299987793,2099900,0.0,0.0
22.979288931902428,23.226518671825986,22.979288931902428,23.148447036743164,1947200,0.105,0.0
23.161459594172555,23.395677008440035,23.14844972169353,23.29808807373047,2175800,0.0,0.0
23.382669936138807,23.447731722495146,22.966284430871738,23.00532150268555,1564100,0.0,0.0
23.01180987811448,23.03132964089912,22.732050602766684,22.77108764648437,2004300,0.0,0.0
22.771096812735358,22.771096812735358,22.380736145829506,22.60844612121582,2618900,0.0,0.0
22.60844816081631,22.660497578087398,22.257122039794922,22.257122039794922,2416200,0.0,0.0
22.31567873008596,22.458812160716853,22.07495635463196,22.244112014770508,2573400,0.0,0.0
22.24411043812477,22.588931634580987,22.21808821046156,22.504352569580078,1557000,0.0,0.0
22.15302840051717,22.38724584321953,22.107486395753174,22.328691482543945,2230500,0.0,0.0
22.77109359386416,22.91422697636117,22.445792256808964,22.72555160522461,3218700,0.0,0.0
22.712538004111824,22.881693598057375,22.400249035545503,22.4913330078125,2393100,0.0,0.0
22.55639250282843,22.888201241497462,22.40675419235397,22.44579124450684,2823900,0.0,0.0
22.478320880374827,22.64747895785178,22.44579124450684,22.44579124450684,1475100,0.0,0.0
22.263632729681404,22.309174735559925,22.03592021843563,22.159536361694336,1727300,0.0,0.0
22.1660367631396,22.1660367631396,21.73663902282715,21.73663902282715,2609800,0.0,0.0
21.743149193858414,21.89929499240993,21.73664425643485,21.82772827148437,2028900,0.0,0.0
21.92531275483941,22.445794448580934,21.86675840917771,22.42627716064453,3303800,0.0,0.0
22.543383042525182,22.777597914130748,22.445791651300397,22.70603370666504,2484000,0.0,0.0
22.706039097461645,22.959773796664372,22.706039097461645,22.907724380493164,1972600,0.0,0.0
23.096395590955893,23.193986987602262,22.614948506340667,22.764589309692386,2106600,0.0,0.0
22.575919300656864,23.08338872742484,22.380738942811714,22.98579978942871,2874000,0.0,0.0
23.128928595794516,23.330616353356305,22.75158026966435,22.83615684509277,3097200,0.0,0.0
22.771099073381315,22.933749781048327,22.660497783457107,22.868690490722656,2654300,0.0,0.0
23.044349195981034,23.350133295707955,23.044349195981034,23.23302459716797,2250000,0.0,0.0
23.259041706205977,23.35663308372799,22.29615020751953,22.29615020751953,4506000,0.0,0.0
22.39374888741595,22.771099731397072,22.218088302090017,22.231098175048828,2976800,0.0,0.0
22.218085419491487,22.38073611075613,21.365794903797816,21.41133689880371,5910500,0.0,0.0
21.795190846792774,21.86025012523628,21.469889490870496,21.61952781677246,2933500,0.0,0.0
21.48941087370086,21.567485000936074,21.313747810200912,21.398326873779297,3832500,0.0,0.0
21.46989064910239,22.03591434402365,21.144589275631137,22.029409408569336,4190400,0.0,0.0
22.05544023563782,22.146524248393984,21.840740078266997,22.113994598388672,1647400,0.0,0.0
22.289643850725287,22.439284631860374,22.009887017701637,22.048921585083008,2511300,0.0,0.0
22.048932035077577,22.56941386227554,22.048932035077577,22.328691482543945,1590100,0.0,0.0
22.335196199294764,22.413267843465995,22.003387368324557,22.276641845703125,2532800,0.0,0.0
22.354713390356007,22.5368813865622,22.185555266576422,22.432785034179688,2489600,0.0,0.0
22.55639018731823,22.60193465108064,22.172537048887143,22.38072967529297,1764700,0.0,0.0
22.38074102606165,22.41327067508829,22.042427216107683,22.172548294067386,2316200,0.0,0.0
22.283140155777726,22.54338220143275,22.283140155777726,22.3612117767334,1440000,0.0,0.0
22.44579422131589,22.510853501680174,22.283143538552732,22.37422752380371,1584400,0.0,0.0
22.673510782588078,22.673510782588078,22.153028942652732,22.159536361694336,2760100,0.0,0.0
22.322183696414076,22.575918399671732,22.185555217707574,22.51085662841797,2672700,0.0,0.0
22.57592032138762,22.57592032138762,22.016401450241727,22.146522521972656,2414100,0.0,0.0
22.257124546377455,22.257124546377455,21.873268737258453,22.009897232055664,1491900,0.0,0.0
21.97735623387675,22.042417986540613,21.75615123852382,21.775671005249023,2970200,0.0,0.0
21.125066303526353,21.79518615838253,21.125066303526353,21.469884872436523,1447300,0.0,0.0
21.43735985226949,21.762661208201195,21.372298091971718,21.717119216918945,2026600,0.0,0.0
21.717122141956004,21.944832129037056,21.613025793311426,21.821218490600586,2035100,0.0,0.0
21.534949479868146,22.244106558451733,21.534949479868146,22.21808433532715,3410800,0.0,0.0
22.218090930717945,22.478330612182614,22.20507857436673,22.478330612182614,1482100,0.0,0.0
22.510856831100693,22.660497665405273,22.458809895481874,22.660497665405273,2702700,0.0,0.0
22.660499823334842,23.011823497313266,22.660499823334842,22.881702423095703,2246200,0.0,0.0
22.888204618024158,22.959771316602716,22.64097488162164,22.712541580200195,2698800,0.0,0.0
22.712549043051144,23.089899947962863,22.712549043051144,22.96628379821777,1175500,0.0,0.0
23.057361328817887,23.096398388575373,22.64097595214844,22.64097595214844,2082700,0.0,0.0
22.6409758573918,22.6409758573918,22.087964496664505,22.354711532592773,3852000,0.0,0.0
22.289651770551835,22.67350753792036,22.24410977119055,22.660497665405273,1750900,0.0,0.0
22.66049851560559,23.226522301655912,22.66049851560559,22.998809814453125,2304200,0.0,0.0
23.03133708969736,23.23302234283885,22.83615428983445,22.89470863342285,1581300,0.0,0.0
22.894701228813,22.99229259718143,22.732050602766684,22.77108764648437,1461000,0.0,0.0
22.83615944571757,23.226522651726068,22.83615944571757,23.161460876464844,1778800,0.0,0.0
23.291582107543945,23.415198240475764,23.246040105470005,23.291582107543945,1880200,0.0,0.0
23.226517407707874,23.324106325786925,22.816637002589125,22.89470863342285,1633600,0.0,0.0
22.771096347730712,22.771096347730712,22.45880732421271,22.69952964782715,1501100,0.0,0.0
22.60844816081631,22.758086512691463,22.21158004060913,22.257122039794922,1945100,0.0,0.0
22.24080387153698,22.33875071654757,22.084085432182906,22.27998161315918,2773100,0.125,0.0
22.051427287403975,22.332212609719992,22.051427287403975,22.20161437988281,2959800,0.0,0.0
22.20161892357864,22.410575137700658,22.20161892357864,22.30609703063965,1781300,0.0,0.0
22.32568349776984,22.508522033691406,22.299565842027587,22.508522033691406,2231200,0.0,0.0
22.593407360428987,22.75012573984865,22.423631399432317,22.69135665893555,1971800,0.0,0.0
22.76318488439281,22.93949211994461,22.658706799357013,22.906843185424805,1683200,0.0,0.0
22.80236666800398,23.154981201869067,22.80236666800398,22.978673934936523,918200,0.0,0.0
23.01133075795051,23.21375573000483,22.93297029365039,23.05050849914551,1647200,0.0,0.0
23.181102477995505,23.207222627912486,22.821959134978037,22.86766815185547,2238900,0.0,0.0
23.122332059933797,23.396588636422443,22.861135557654556,22.91337585449219,2520400,0.0,0.0
23.030909940341534,23.18109703063965,22.946020718536857,23.18109703063965,1705400,0.0,0.0
23.18110188693865,23.40311817366301,22.88072764341586,23.01785469055176,2290600,0.0,0.0
23.017859551164648,23.096217524509715,22.86767239768869,23.05050849914551,1910300,0.0,0.0
23.50758971357553,24.37606575142936,23.50758971357553,24.19975852966309,7079200,0.0,0.0
24.19322540670137,24.245465686634194,24.010389408843785,24.20628547668457,2566500,0.0,0.0
24.643791714091968,24.963754744246692,24.643791714091968,24.82662773132324,3758300,0.0,0.0
24.904992861547232,24.97682202933466,24.709096716370826,24.83969497680664,1527600,0.0,0.0
25.140062182247185,25.43390756308761,25.02252402991101,25.0812931060791,2345400,0.0,0.0
25.07477134740018,25.12700915700173,24.656856415814648,24.83969497680664,1919300,0.0,0.0
24.81358018070373,24.91152951990437,24.624212786758594,24.663393020629886,2143100,0.0,0.0
24.003865554569987,24.98987997024415,24.003865554569987,24.72868347167969,5533200,0.0,0.0
24.98333803476974,25.616737654584323,24.937629040654606,25.54490852355957,5063100,0.0,0.0
25.544918874061647,25.708166059462517,25.34902274977147,25.70163726806641,1871600,0.0,0.0
25.66898688059166,25.734284754685287,25.466559485374646,25.688575744628906,1668400,0.0,0.0
25.58410071124836,25.629809726771327,25.35555563363348,25.38820457458496,703400,0.0,0.0
25.499203482659702,25.603681555542327,25.381665339297534,25.41431427001953,263600,0.0,0.0
25.577568724774572,25.688578110100853,25.479621904614927,25.675518035888672,1264500,0.0,0.0
25.779998914249486,25.84529929234098,25.460035779942736,25.64287185668945,992300,0.0,0.0
25.68204901840499,26.015072188583893,25.68204901840499,25.9432430267334,1694800,0.0,0.0
26.06078516423023,26.28280147508654,25.956307046824595,26.002016067504886,2287800,0.0,0.0
26.302386003192982,26.5178734859439,26.243616916165852,26.40033531188965,3117600,0.0,0.0
26.400336772122387,26.641941925062063,26.31544753262024,26.60929298400879,2170800,0.0,0.0
26.576642214701792,26.772538338499945,26.478692907325534,26.661531448364254,2527700,0.0,0.0
26.6876507047993,26.96843607909339,26.67459063030254,26.929258346557614,2791500,0.0,0.0
26.857427978810602,27.07944425339788,26.772538743862828,26.79212760925293,1665600,0.0,0.0
26.79212708866562,26.870487530612234,26.622351113023324,26.79865837097168,1949800,0.0,0.0
26.77253311413309,26.877011192501307,26.53092802496043,26.65499496459961,1332900,0.0,0.0
27.131686355936022,27.65407694037567,27.118626279955684,27.608367919921875,4178400,0.0,0.0
27.62795543546376,28.078516784801863,27.55612627304295,27.99362754821777,2850300,0.0,0.0
28.241769375821168,28.59438397279355,28.202589145839262,28.502965927124023,3934700,0.0,0.0
28.58131142204993,28.73149850166691,28.46377327435771,28.666200637817386,3383100,0.0,0.0
28.73803128491076,28.764151430461578,28.38541928379139,28.535606384277344,3186000,0.0,0.0
28.53560843147174,28.73150455524847,28.48336813662229,28.594377517700195,2387600,0.0,0.0
28.61396432997563,28.744562566775556,28.405008147477414,28.535606384277344,2409800,0.0,0.0
28.53560374420153,28.992696285234604,28.450714524492284,28.960044860839844,2072000,0.0,0.0
28.91433629713501,28.91433629713501,28.326648013369194,28.418066024780273,2027500,0.0,0.0
28.418065611991416,28.79679772390089,27.706307902260107,27.908735275268555,3003300,0.0,0.0
29.123287270988044,29.286534402531593,28.444181096891565,28.98616027832031,4989000,0.0,0.0
28.82944214535584,29.103696108986327,28.66619502673197,29.005746841430664,2687000,0.0,0.0
28.999212688131188,29.423656114416648,28.999212688131188,29.30611801147461,2292900,0.0,0.0
29.25389881599585,29.364908211368448,28.672739161208728,28.731508255004886,3608800,0.0,0.0
28.69885303765293,28.70538182844527,28.17646259087061,28.307058334350586,3851000,0.0,0.0
28.69885245645575,28.849039551179505,28.568254224666454,28.6466121673584,2073700,0.0,0.0
28.64661463968589,28.91433991703045,28.64661463968589,28.881690979003906,2297800,0.0,0.0
28.835982461149445,28.91434041194524,28.659675203643154,28.67926406860352,2013800,0.0,0.0
28.581310426491974,29.325717008643927,28.496421213681426,28.640079498291016,2804100,0.0,0.0
28.535617968813114,28.89476139759786,28.470317578426215,28.79681205749512,2495000,0.0,0.0
29.07105370955714,29.20165193196465,28.483362954200324,28.58784103393555,1920000,0.0,0.0
29.25389609955937,29.299605113717003,28.9078128520932,29.012290954589844,2322900,0.0,0.0
30.037480738453183,30.233376853773986,29.67833744520601,29.802404403686523,3625300,0.0,0.0
30.002122427597012,30.087244819288173,29.386628013189988,29.537227630615234,2804400,0.125,0.0
29.825318817429647,29.88424929579434,29.25565919176769,29.334232330322266,3475500,0.0,0.0
29.45209633755107,29.491384159795107,29.11160937148862,29.17053985595703,1711800,0.0,0.0
29.465209020949477,29.465209020949477,28.81042659826171,28.993764877319336,1837800,0.0,0.0
28.99375062994247,29.46519454190755,28.810412440976272,29.399717330932614,2775100,0.0,0.0
29.465195303199568,29.88425545897556,29.458648581051122,29.56341361999512,4070300,0.0,0.0
29.20328070241684,29.62234334516107,29.19018725845825,29.399717330932614,2780700,0.0,0.0
29.065784543758483,29.51758590830769,28.97411542567492,29.05268859863281,2507000,0.0,0.0
29.33423853704309,29.7794905793866,29.065777967200304,29.628890991210934,1787100,0.0,0.0
29.596143639953993,29.83841225388884,29.419352219689703,29.60923957824707,1851300,0.0,0.0
29.543757144541534,29.759836359628665,29.51101855074504,29.733644485473636,1545400,0.0,0.0
29.622331932676488,29.923530983592137,29.504471000093066,29.858051300048828,1583900,0.0,0.0
29.66162733068531,30.00866352697931,29.51102775401996,29.86461067199707,2674200,0.0,0.0
30.047942187221718,30.087230001991426,29.62233543395996,29.62233543395996,1339800,0.0,0.0
29.609239495703395,29.727100442217683,29.30803791139197,29.62233543395996,2303700,0.0,0.0
29.655075787059673,29.77948346117302,29.07232023799956,29.078866958618164,2632000,0.0,0.0
28.81040684654621,28.85624138488757,27.749660748396877,27.80204200744629,4623300,0.0,0.0
27.92646142234364,28.27349518399409,27.86753092529018,28.11634635925293,5173800,0.0,0.0
27.749662024737397,28.266937909495454,27.042496261581878,27.153810501098636,3455900,0.0,0.0
27.153816892934586,27.41572825747047,26.61034650282502,26.78713798522949,4455900,0.0,0.0
27.330606212783103,28.15563056759421,27.330606212783103,27.90681266784668,3428600,0.0,0.0
27.82823104514664,28.162168718658705,27.376432428560953,27.939542770385746,1655100,0.0,0.0
27.63179893241919,28.33896214322197,27.625249714120173,27.834779739379886,2704100,0.0,0.0
28.319327224031163,28.319327224031163,27.38953779503954,27.4812068939209,4163000,0.0,0.0
27.631807482006394,28.018129053947693,27.572876988056173,27.697284698486328,3615600,0.0,0.0
27.762778241266155,28.44375012435164,27.49431752350632,28.05742835998535,3388400,0.0,0.0
28.247297889123306,28.548497039602218,27.9722906207196,28.437185287475586,2688900,0.0,0.0
28.48301972729827,28.823506699635896,28.48301972729827,28.72528839111328,2105600,0.0,0.0
28.934818444337193,29.321139961146283,28.888983899783174,29.190185546875,2621000,0.0,0.0
29.714015962440303,29.714015962440303,28.928276848609023,29.26221466064453,1982000,0.0,0.0
29.340782335824123,29.465190016688343,29.22946809690762,29.406259536743164,2789800,0.0,0.0
29.43245460484572,29.910445217164987,29.43245460484572,29.86461067199707,2757100,0.0,0.0
30.15271299458001,30.159262213865286,29.85806057162545,30.08068656921387,3273800,0.0,0.0
29.79258122808451,30.250929131152525,29.7140080868656,30.21164131164551,3563400,0.0,0.0
30.18545788379975,30.447371758257926,29.94318917349321,30.36224937438965,3065800,0.0,0.0
30.3556846197012,30.3556846197012,29.98900591283281,30.10686683654785,2333500,0.0,0.0
30.250928669972183,30.277120549244227,29.74019701534766,29.81222343444824,1337100,0.0,0.0
30.08724433117288,30.316417115320306,29.956287384033203,29.956287384033203,1127600,0.0,0.0
30.11998993554689,30.11998993554689,29.236034708296213,29.275320053100586,1668400,0.0,0.0
29.236019660347065,29.236019660347065,28.849698149234246,28.882436752319336,3387300,0.0,0.0
29.013384163629947,29.013384163629947,28.483009975229987,28.86933135986328,1743500,0.0,0.0
29.23601826493258,29.308042189164013,28.915173975303613,29.268756866455078,2390200,0.0,0.0
29.13780878549521,29.262216508069443,28.87589489841733,29.18364334106445,2017600,0.0,0.0
29.26221799404181,29.3997241655282,28.836611028172317,28.88899230957031,2269400,0.0,0.0
29.00684356924752,29.00684356924752,28.1032436641097,28.91517448425293,3492900,0.0,0.0
28.91517964671729,29.216378836273712,28.1818243380334,29.17709350585937,2664000,0.0,0.0
29.091977408255747,29.170550583844943,28.718751701961807,29.006855010986328,1044900,0.0,0.0
29.124711497143768,29.26221515750516,28.574694357902388,28.65981674194336,2457000,0.0,0.0
28.659805711731444,28.93481292661303,28.456822411846307,28.59432601928711,2153900,0.0,0.0
28.633617401934536,28.75147836522261,28.325869053594,28.450279235839844,3217100,0.0,0.0
28.45028132822486,28.456828049868932,27.99848010312767,28.24075126647949,2374900,0.0,0.0
28.253840283778548,28.352056071143387,27.802039169398107,27.939542770385746,2038300,0.0,0.0
27.939552220538026,28.09015430813366,27.80859779309144,27.9526481628418,1910100,0.0,0.0
28.155627503533765,28.35206161446448,28.03776653741628,28.16217422485352,2447200,0.0,0.0
28.28658103942871,28.37170339321368,28.005024598120304,28.28658103942871,2317000,0.0,0.0
28.122883402830674,28.122883402830674,27.788943231523852,27.939542770385746,1617200,0.0,0.0
27.66454469152244,27.749667066879116,27.10143166620155,27.173458099365234,2526700,0.0,0.0
26.78058266733285,26.846059863002697,26.453191693393787,26.64962577819824,3053400,0.0,0.0
26.55140939320405,26.84606179046328,26.492478913752212,26.832965850830078,2202300,0.0,0.0
26.84606586487171,26.93118823650891,26.22402237576071,26.793682098388672,3161700,0.0,0.0
26.71510170854482,26.872250467622198,26.479379818826146,26.83951187133789,1823600,0.0,0.0
26.747847896117488,27.003215014318148,26.512128437294237,26.931188583374023,2172200,0.0,0.0
26.518677764220747,26.518677764220747,26.22402528950359,26.28950500488281,2687300,0.0,0.0
26.459741677002352,26.65617578603213,26.296046169845003,26.446645736694336,2511800,0.0,0.0
26.98852462507658,27.13302470637237,26.33827676479553,26.43680000305176,2732400,0.125,0.0
26.50247906693302,26.725796223499803,26.38425218960062,26.46963882446289,1790300,0.0,0.0
26.69952575764565,26.995090447915224,26.666683009349107,26.86372947692871,2110700,0.0,0.0
27.09361441999843,27.23811449868109,27.080477821431828,27.13302421569824,3267000,0.0,0.0
27.139592308194924,27.507409565585927,27.06077521930759,27.47456932067871,2467200,0.0,0.0
27.65191290397179,27.809549620131058,27.553392148729014,27.60593605041504,3380500,0.0,0.0
27.914627712593045,28.098535046335464,27.809537449661736,28.06569480895996,2124600,0.0,0.0
28.111671344329785,28.236467752802795,27.98687744140625,27.98687744140625,1326500,0.0,0.0
27.993447099423904,28.019720293717803,27.54024577282784,27.81610679626465,1566100,0.0,0.0
27.91462983622161,27.98031031596931,27.487699201212454,27.566518783569336,2561200,0.0,0.0
27.56652038582912,27.638770421080828,27.290656842645323,27.336633682250977,1845900,0.0,0.0
27.586210575460505,27.914617844215986,27.57307398404445,27.665027618408203,2300100,0.0,0.0
27.829247565600372,28.210201423325767,27.829247565600372,28.17079162597656,1803800,0.0,0.0
27.88178042014509,28.466345016381933,27.88178042014509,28.420368194580078,1956800,0.0,0.0
28.440069695517998,28.63711356066665,28.25616242211908,28.308706283569336,3053100,0.0,0.0
28.53860053312341,28.591144408662625,28.31528342459569,28.47291755676269,1771100,0.0,0.0
28.472920402330278,28.5123301920853,28.229899629381666,28.24960327148437,1451800,0.0,0.0
28.53860049447789,28.69623462643144,28.45978342850112,28.637121200561523,2681000,0.0,0.0
28.637131519010097,28.952404907614287,28.43352048307645,28.61086082458496,1984600,0.0,0.0
29.293937923809146,29.7537087668074,28.912986657701698,29.694595336914066,5710700,0.0,0.0
29.556667264653825,29.83909784118228,29.425303797923203,29.72087097167969,2422700,0.0,0.0
29.72743566920093,30.00329917809839,29.674891789989214,29.97702598571777,2075900,0.0,0.0
29.65517988413147,30.02299445275897,29.569793285464872,29.996721267700195,2170300,0.0,0.0
29.93762917634769,30.63385147916017,29.911355974775415,30.60757827758789,3450200,0.0,0.0
30.52875447331648,30.69952774047852,30.390823953681654,30.69952774047852,2978200,0.0,0.0
30.653546582413842,30.857160079512962,30.55502586230759,30.82431983947754,2925100,0.0,0.0
30.824315832391573,30.98851951677229,30.75206581037616,30.87029266357422,2632900,0.0,0.0
30.876858485761012,30.935971910019106,30.784904827037145,30.85715484619141,1596500,0.0,0.0
30.791475596625304,30.90970244982337,30.614135316828214,30.87029266357422,1987400,0.0,0.0
30.876861317924124,31.474562660002352,30.85059063127141,31.40231513977051,3644500,0.0,0.0
31.382608992844087,31.55994928188482,31.19870165852756,31.40231513977051,3724000,0.0,0.0
31.205275436297285,31.527115846337328,31.080481504736888,31.30379867553711,2629700,0.0,0.0
31.198711232318026,31.330074728090477,31.133030737206944,31.238121032714844,1818500,0.0,0.0
31.198705887412014,31.198705887412014,30.70609474182129,30.70609474182129,3414000,0.0,0.0
30.706092896000037,30.77834292723152,30.39082208243969,30.541889190673828,3351800,0.0,0.0
30.6141402443814,30.778343955191808,30.423663338509368,30.601003646850586,2099900,0.0,0.0
30.377690740232897,30.522190827692214,30.292304097138746,30.351417541503906,2148400,0.0,0.0
30.35141335106828,30.52875365967946,30.108392560252856,30.147802352905273,2522400,0.0,0.0
30.14779368654482,30.331700988290052,30.055837530123128,30.088680267333984,2106200,0.0,0.0
30.34483020009768,30.34483020009768,29.983582728600375,30.003286361694336,1467300,0.0,0.0
30.095239990197452,30.32512406145525,29.963876589957945,30.003286361694336,1188900,0.0,0.0
29.924477446215647,30.417088451662607,29.904771302224354,30.19377136230469,1893700,0.0,0.0
30.2791498118682,30.397376631542805,29.83251571655273,29.83251571655273,1244100,0.0,0.0
29.766843110656055,29.911343151806122,29.399025962978328,29.77997970581055,1947900,0.0,0.0
29.56322642796857,29.589499615419353,29.142865450952343,29.15600204467773,1599000,0.0,0.0
29.215127429270073,29.280810424798716,28.82103947829852,28.89985656738281,1853600,0.0,0.0
28.919549960131587,30.19377206057384,28.919549960131587,29.858795166015625,3298700,0.0,0.0
30.54188333931993,30.620700401222454,29.76027475370925,30.25945281982422,3859600,0.0,0.0
30.279161522070602,30.79804581958883,30.279161522070602,30.71922874450684,2774900,0.0,0.0
30.712658364341923,30.804614539263397,30.54188762201548,30.61413764953613,1867400,0.0,0.0
30.52217688519368,30.548447566372115,30.180632974384107,30.48276710510254,1024200,0.0,0.0
30.35798099475813,30.515615144361615,29.950754012924897,29.990163803100586,1310300,0.0,0.0
29.635483208168274,30.088687025764994,29.635483208168274,29.990163803100586,2538000,0.0,0.0
29.891647277135483,29.8982168297447,29.14287863489632,29.195425033569336,1730000,0.0,0.0
29.188845673497628,29.195415223899484,28.512327303969194,28.637121200561523,2681900,0.0,0.0
28.637133490868024,28.781633595132217,28.38754559056677,28.45322608947754,1396500,0.0,0.0
28.63712959636839,28.89985656738281,28.60428935137911,28.89985656738281,1218800,0.0,0.0
28.76849906551266,28.76849906551266,28.348137828897595,28.69624900817871,1683300,0.0,0.0
28.538601004614378,28.63055466748921,27.940899690378608,28.210193634033203,2410100,0.0,0.0
28.551737666258134,28.610851093321692,28.269307126459974,28.49919128417969,2043200,0.0,0.0
28.564881536064462,28.93926583429061,28.3875412097126,28.87358283996582,1409200,0.0,0.0
29.38589972217373,29.392466768730326,28.97210563370799,29.12317276000977,2599800,0.0,0.0
29.047422881994038,29.416279962885486,28.99473044908572,29.396520614624023,1472600,0.125,0.0
29.508493120302266,29.745615346078463,29.403105743583204,29.57436180114746,1840100,0.0,0.0
29.54800970118763,29.67315640624394,29.455796075079533,29.475555419921875,1641200,0.0,0.0
29.50849917356609,29.640234049646825,29.37676429748535,29.37676429748535,2272600,0.0,0.0
29.508496793349988,29.594124832790605,29.245029575074085,29.370176315307614,1387800,0.0,0.0
29.442623158383306,29.80489206213684,29.277955246437802,29.75878524780273,1450600,0.0,0.0
29.659988716288428,29.80489730834961,29.534841985729564,29.80489730834961,1894700,0.0,0.0
29.73903319130887,29.943219844081412,29.6929263656742,29.87735366821289,1007000,0.0,0.0
29.877351283243406,29.989324275808315,29.71926895609096,29.79172325134277,918600,0.0,0.0
29.9432243747953,30.160587310791016,29.791730137268253,30.160587310791016,1367300,0.0,0.0
30.074948942694373,30.167162576285172,29.831241123542533,30.06177520751953,1549500,0.0,0.0
29.903692170124053,30.608470593488452,29.837823501387835,30.59529685974121,1705000,0.0,0.0
30.39770202383861,30.641409865847343,30.312073993487807,30.60188865661621,1271600,0.0,0.0
30.713862416826053,31.056372006159094,30.713862416826053,30.93781089782715,2793500,0.0,0.0
30.93780834561689,30.990500771288037,30.819247247065626,30.911460876464844,2699500,0.0,0.0
30.918043113919424,30.97073804647389,30.30547834245345,30.73361587524414,3280600,0.0,0.0
30.83242098164165,31.06295505513969,30.64799121021026,30.911460876464844,2189000,0.0,0.0
30.918040661271586,31.155162813691053,30.858760123166718,31.10247039794922,1950000,0.0,0.0
31.17492707522834,31.24079322814941,30.9904973243105,31.24079322814941,1448100,0.0,0.0
31.0102673947812,31.260560852289114,30.865358804809947,31.13541412353516,2090000,0.0,0.0
31.135408753583228,31.76773292554571,31.06954008194157,31.649171829223636,5240800,0.0,0.0
31.543800570201203,32.36714054128657,31.425239413354173,31.820444107055664,5439100,0.0,0.0
31.682105537092447,31.68869366070373,31.32642475370475,31.359357833862305,2072600,0.0,0.0
31.53720297756154,31.998273688772755,31.524029241511712,31.794084548950195,3424600,0.0,0.0
31.616239237417354,31.69527913197367,31.451571324722465,31.550373077392575,2611600,0.0,0.0
31.563542541475268,31.66893241185832,31.300075403416066,31.49109077453613,2034100,0.0,0.0
31.418647079886192,31.70846178317955,31.40547334165009,31.57672691345215,1325700,0.0,0.0
31.57672342613673,31.57672342613673,31.27373501806914,31.458162307739254,1537300,0.0,0.0
31.543786687773505,31.62941471061905,31.161758415890397,31.3461856842041,2012500,0.0,0.0
31.122225791765022,31.28689365309711,30.97731726975049,31.214439392089844,2315700,0.0,0.0
31.267133981663264,31.570122240264283,30.983905062169924,31.14857292175293,3110500,0.0,0.0
31.300079974785252,31.629415829933286,31.14858578293313,31.510854721069336,2098700,0.0,0.0
32.077332501792476,32.30128112138925,31.84679575397052,32.294692993164055,3367500,0.0,0.0
32.209052870996295,32.604254956322535,31.991689965223365,32.268333435058594,2866600,0.0,0.0
32.149765474011524,32.38029955601653,32.110244268825056,32.34077835083008,2647100,0.0,0.0
32.340793199477766,32.367140681699,32.16295397606992,32.20247268676758,1582500,0.0,0.0
32.01144599484748,32.301263172479224,31.998274770985407,32.14318084716797,2026500,0.0,0.0
32.268324525470774,32.32101694973639,32.116827838204,32.16293716430664,771400,0.0,0.0
31.978511167844506,32.01803237517767,31.695282130206465,31.952163696289066,1982600,0.0,0.0
32.116836269469765,32.307851696922604,31.767741015088266,31.91923522949219,1733700,0.0,0.0
31.998272394904536,32.26832769142318,31.952163064277958,32.189285278320305,1958200,0.0,0.0
32.34076624755434,32.518607835387996,32.215619580248635,32.26172637939453,2432300,0.0,0.0
32.30784196375315,32.45933613251742,32.20245460667223,32.37371063232422,1590500,0.0,0.0
32.604246097202115,32.762328395959145,31.985095661722283,32.156349182128906,2529600,0.0,0.0
31.965334492420546,32.782088447095354,31.965334492420546,32.7623291015625,2887800,0.0,0.0
32.900640332017595,32.907225941139984,31.985087393438302,32.50543594360352,2954700,0.0,0.0
32.78866129150442,32.90063673540215,32.274898406624864,32.386871337890625,2788200,0.0,0.0
32.70303438624245,33.01919634097982,32.70303438624245,32.986263275146484,5034600,0.0,0.0
32.99944248458314,33.25632649062273,32.933576336962204,33.23656463623047,3224800,0.0,0.0
33.24315247650717,33.361713551324854,32.92040232558516,33.302433013916016,2799400,0.0,0.0
33.414412020121915,33.414412020121915,33.15094487150897,33.36830520629883,2043900,0.0,0.0
33.262911818099305,33.42757969838692,33.01261593652504,33.302433013916016,2598000,0.0,0.0
33.394657435581856,33.63836527376506,33.29585567037158,33.59225845336914,1704600,0.0,0.0
33.829381915779514,34.19823649242362,33.79644883038391,34.013809204101555,2670600,0.0,0.0
34.2179786462184,34.297018508172194,33.98744215595798,34.250911712646484,1929700,0.0,0.0
34.13236196375208,34.82396663824215,34.05332207563021,34.62636566162109,1970300,0.0,0.0
34.731751575315144,34.817379582929426,34.46169633219251,34.580257415771484,2248900,0.0,0.0
34.547326340737015,34.547326340737015,33.987453966379874,34.02038955688477,2220300,0.0,0.0
34.119191966177084,34.514396475324894,34.119191966177084,34.362899780273445,1889300,0.0,0.0
34.580263444741355,34.975465450485174,34.54074223911373,34.646129608154304,2623000,0.0,0.0
34.988620086188945,35.09400739770093,34.84371410325479,34.90958023071289,2576200,0.0,0.0
35.20600699384005,35.33774185180664,35.10720522220676,35.33774185180664,3174000,0.0,0.0
35.23893739582893,35.28504421571001,34.58026566880409,34.65930557250977,1917800,0.0,0.0
34.64612816184403,34.74492991547203,34.21140496862022,34.283859252929695,2347500,0.0,0.0
34.5943313680455,34.653783252049735,33.98660323813119,34.098899841308594,2979200,0.15,0.0
34.22441979603909,34.33011178214193,33.78844003837789,34.0262451171875,3071300,0.0,0.0
34.03944400605775,34.13853130786125,33.44492775492102,33.62328338623047,2418700,0.0,0.0
33.62329603205069,33.62329603205069,33.405304894053785,33.491180419921875,2328900,0.0,0.0
33.60346663175464,34.33670565778884,33.60346663175464,34.330101013183594,2962700,0.0,0.0
34.38295242087598,35.07655615457409,34.38295242087598,35.06334686279297,2305900,0.0,0.0
35.0633328451367,35.18884122604482,34.90479368829459,34.924610137939446,603500,0.0,0.0
34.9312225537925,35.241691231123816,34.89819429278638,35.122787475585945,2214700,0.0,0.0
35.12278559995957,35.182237474553666,34.86516165001674,35.017093658447266,2818800,0.0,0.0
35.17563157149806,35.62482293681955,35.17563157149806,35.57197570800781,3435900,0.0,0.0
35.59179927101686,35.96832700525126,35.59179927101686,35.87584686279297,2724500,0.0,0.0
36.03438355544705,36.25237462273465,35.822999652565386,36.08062362670898,2621000,0.0,0.0
36.10044347682286,36.3977003650421,36.00135616748648,36.37788391113281,3036100,0.0,0.0
36.59587507320039,36.60908436257558,36.034384518746144,36.166500091552734,2862200,0.0,0.0
36.02777836777139,36.1797103881836,35.88245099177065,36.1797103881836,1892700,0.0,0.0
35.87585129525198,36.04759979248047,35.519139970359866,36.04759979248047,2308200,0.0,0.0
35.96833301713506,36.27219711311412,35.823005614755814,36.10044860839844,1457500,0.0,0.0
36.42413054545107,36.63551449154829,36.19293014187456,36.50339889526367,2118400,0.0,0.0
36.54963852411858,36.761022453028716,36.5298195483553,36.59587860107422,2433000,0.0,0.0
36.76102927371825,36.80726935925335,36.232566833496094,36.232566833496094,2271300,0.0,0.0
36.727990327717684,37.12433706989585,36.602481911970244,36.87331771850586,4407000,0.0,0.0
37.03845986022297,37.547103184682726,37.031855215443365,37.30929565429688,4033100,0.0,0.0
37.35553887846602,37.8113375234516,37.348934233129285,37.61977005004883,1949800,0.0,0.0
37.81794301294352,37.976482223411075,37.7584911240051,37.917030334472656,3873700,0.0,0.0
38.240696856583845,38.41244781492694,38.11518847925184,38.26051330566406,2210600,0.0,0.0
38.412461504118866,38.48512268327236,38.28034591674805,38.28034591674805,759800,0.0,0.0
38.379417960944274,38.5445617602941,38.1416130065918,38.1416130065918,884100,0.0,0.0
38.319974287943246,38.80880114731856,38.306764998677224,38.80219650268555,1692200,0.0,0.0
38.637067991805104,38.74275998711608,38.39265320523299,38.5247688293457,1831900,0.0,0.0
38.63705374757207,38.63705374757207,38.353006142412475,38.39924621582031,1006200,0.0,0.0
38.518138144782355,38.537954593040254,37.91701485531513,38.068946838378906,1845400,0.0,0.0
38.47190199079329,38.47190199079329,37.732055928737736,37.857566833496094,1970700,0.0,0.0
37.963276006521184,38.21429289023112,37.67262116448456,37.68583297729492,3762600,0.0,0.0
37.55371099720553,37.831153979356976,37.395174310172,37.61977005004883,2902500,0.0,0.0
37.61977389659896,37.969878092832744,37.47444648537945,37.89060974121094,4984900,0.0,0.0
38.04914980725911,38.23411267058438,37.52068988324913,37.98309326171875,2670900,0.0,0.0
37.84436776941437,37.90381966013543,37.48765642508799,37.51408004760742,2669400,0.0,0.0
37.51407716817672,37.51407716817672,36.92616547166936,37.051673889160156,3142600,0.0,0.0
37.05167848804542,37.144158651348405,36.701574292713936,37.078102111816406,2798000,0.0,0.0
37.01203438949925,37.322505596402046,36.89973779459943,37.2036018371582,2704900,0.0,0.0
37.45463275857645,37.82455343971579,37.375364401174544,37.81134414672852,4327500,0.0,0.0
37.520669807901626,38.28033227463863,37.42158504260615,38.26051330566406,2918700,0.0,0.0
38.5776055830364,38.96073801675843,38.31337440675584,38.610633850097656,4495800,0.0,0.0
38.04914585762343,38.445492649410504,37.98308931893997,38.19447326660156,3889000,0.0,0.0
38.14823032901142,38.33979780470253,37.45462664519026,37.52729034423828,3642100,0.0,0.0
37.53389752240915,37.55371397988844,36.18632297611786,36.50339889526367,6896900,0.0,0.0
36.62889484586196,36.82706689918813,36.32503086276887,36.41751098632813,3820500,0.0,0.0
36.69495843097221,37.315900842964226,36.66193016903314,37.210208892822266,4486500,0.0,0.0
37.104519517451884,37.725462014702906,36.87992629747026,37.61977005004883,3221800,0.0,0.0
37.619766500015785,37.619766500015785,37.031854844612994,37.46783447265625,2790900,0.0,0.0
37.63298025455191,38.11519998019988,37.63298025455191,38.04914093017578,3672100,0.0,0.0
37.52068542337868,37.64619637284056,36.91956185878901,37.47444534301758,4487600,0.0,0.0
37.652805947958996,37.67262240788077,37.16397893742437,37.34894180297852,1870700,0.0,0.0
37.329111229623706,37.41498672910667,36.74119958217592,37.01203536987305,2228500,0.0,0.0
36.932757470426715,37.3291015625,36.932757470426715,37.3291015625,1890700,0.0,0.0
37.256446450807,37.74527074228492,37.058271852748426,37.55370330810547,1880400,0.0,0.0
37.42160195924403,37.454630229273135,36.67515096108807,36.926170349121094,2237800,0.0,0.0
36.99221774264499,37.13093795440514,36.615690013641796,36.66193008422852,3030000,0.0,0.0
36.80725418256849,36.93936721825437,35.99474691760608,36.14667892456055,6392800,0.0,0.0
35.941920969786075,36.83369708818833,35.941920969786075,36.69497680664063,4679100,0.0,0.0
36.78743963230666,37.276266490731956,36.65532658074382,36.80725860595703,1980800,0.0,0.0
37.00544221825877,37.388574722822064,36.84690297919746,37.34894180297852,3590300,0.0,0.0
37.249590444469156,37.41517361184455,37.03101945076632,37.32244491577149,1852200,0.15,0.0
37.3224494859073,37.415178193334995,37.10388099203936,37.13037490844727,2371000,0.0,0.0
36.99789827156295,37.11049359723906,36.8521842956543,36.8521842956543,1319400,0.0,0.0
36.5607485222811,36.5607485222811,35.706339130718696,35.75932693481445,2702100,0.0,0.0
35.898418499162226,35.997766848500206,32.388057097334794,35.59374618530273,2667200,0.0,0.0
35.5937470787426,35.812315474050614,35.33543530014542,35.72621154785156,2920000,0.0,0.0
35.81231289024765,36.40178832568528,35.77257203642353,36.26269912719727,2746400,0.0,0.0
36.19648072487526,36.19648072487526,35.4944071987016,36.01765060424805,2418200,0.0,0.0
35.964645225017634,36.130228308490636,35.89841300226736,36.03087997436523,2070800,0.0,0.0
35.765957570871,36.19647473745594,35.679853632234384,35.964656829833984,1640300,0.0,0.0
35.97127255750305,35.97127255750305,35.454651581722324,35.57387161254883,2003600,0.0,0.0
36.004404868856135,36.09713103974832,35.61362848681142,35.6202507019043,2717100,0.0,0.0
35.87192893506803,36.13686295188251,35.86530672161678,36.09049987792969,3073800,0.0,0.0
36.19648073100882,36.47465923429924,35.97128752646957,36.097129821777344,2283400,0.0,0.0
35.964638471950664,35.97126320894017,35.308930999414024,35.40165710449219,2538000,0.0,0.0
35.66660622862864,35.85868327139822,35.269207715710586,35.547386169433594,3294700,0.0,0.0
36.03089718409506,36.28920651343576,35.56726382360221,35.67985916137695,3305300,0.0,0.0
35.852065390659774,35.9911546343311,35.501027384338926,35.81232452392578,2992700,0.0,0.0
36.30907233373753,36.49452465018124,36.097126107345204,36.1037483215332,3368400,0.0,0.0
36.11035905127717,36.713081372457545,36.10373431306129,36.56074523925781,3660600,0.0,0.0
36.69321823120117,36.91841136213857,36.36867422350402,36.69321823120117,4041200,0.0,0.0
36.95814983897026,37.064122928857714,36.11036511987059,36.31568908691406,11526900,0.0,0.0
35.93154738731688,35.97791047214037,33.92468020350457,34.16974258422852,10660900,0.0,0.0
34.50752616027736,35.070510365205195,34.176359872648604,34.80557632446289,7339700,0.0,0.0
34.80557814213819,34.80557814213819,34.36181650630795,34.368438720703125,4467000,0.0,0.0
34.302205943035304,34.42142601310287,33.825325662765,33.865066528320305,2555400,0.0,0.0
33.95116473939989,34.19622959727289,33.92467335813096,34.13661956787109,2632400,0.0,0.0
34.136614261444635,34.46778047850965,34.09687340582165,34.123367309570305,3469800,0.0,0.0
34.110130784576626,34.37506484985352,33.971041537275575,34.37506484985352,1774300,0.0,0.0
34.375066431480946,34.41480477448193,34.1101323540142,34.31545639038086,3609300,0.0,0.0
34.288957736938656,34.295579950990444,33.54714595982375,33.63324737548828,2756600,0.0,0.0
33.44778517406018,33.44778517406018,33.01726811662634,33.26233291625977,2943800,0.0,0.0
33.275580589616425,33.891547391628734,33.249086687470346,33.845184326171875,3028400,0.0,0.0
33.971039756445805,34.116751210770964,33.87831359643934,33.95116806030273,2232300,0.0,0.0
33.89155179608568,34.04389048992443,33.447790247157705,33.957786560058594,2986400,0.0,0.0
34.11013056406137,34.209481469547555,33.639875001503576,33.732601165771484,2564700,0.0,0.0
33.77896216364189,33.818703028703936,33.37493887860536,33.44779586791992,2300300,0.0,0.0
33.44778661411464,33.73258975176857,33.116620410014484,33.58025360107422,2134400,0.0,0.0
33.64648982488344,33.93129299634173,33.04376736294569,33.20272827148437,3267600,0.0,0.0
33.25572146712238,33.725977038237026,32.80533506682712,32.90468597412109,2992300,0.0,0.0
32.89805388212367,32.97091086098047,32.182736099870816,32.22247695922852,2612500,0.0,0.0
32.268851484007286,32.7258601591216,32.262226741797576,32.460926055908196,2723100,0.0,0.0
32.639733803900484,32.71921549629492,32.40129377991142,32.421165466308594,3158700,0.0,0.0
32.55362713877509,32.55362713877509,31.725711926971012,31.73233413696289,4483900,0.0,0.0
32.12313019345125,33.24909608699497,32.07676711488754,33.103382110595696,4943300,0.0,0.0
33.149735465842284,33.46765470842795,32.34831388391189,32.59337615966797,2844400,0.0,0.0
32.65297553276402,32.85829941539777,32.441029440121234,32.56687164306641,2093300,0.0,0.0
32.25559393989455,32.26221615333199,31.685987573549863,31.692609786987305,4216200,0.0,0.0
31.474042798758713,31.48066501249651,31.00378729883224,31.19586181640625,6916200,0.0,0.0
31.16273171138279,31.891298698932328,30.970654753398158,31.72571563720703,5325000,0.0,0.0
31.957542900320203,32.374813079833984,31.74559670393814,32.374813079833984,4446200,0.0,0.0
32.3151947730689,32.59999787521052,32.22246865173857,32.33506393432617,2951800,0.0,0.0
32.28871685645221,32.540403972216765,32.12313369308579,32.38144302368164,2638500,0.0,0.0
32.54701588888445,33.14973831176758,32.3681858258403,33.14973831176758,2636700,0.0,0.0
33.1497413934738,33.421297619652755,33.00402996035697,33.18285751342773,2484200,0.0,0.0
33.22259900673604,33.34181906212154,33.11000369142643,33.14311981201172,1812200,0.0,0.0
33.050395312106126,33.05701752591425,32.7788390672061,33.01065444946289,1976700,0.0,0.0
32.719237843861606,32.74572923282317,32.36157756359245,32.45430374145508,2994000,0.0,0.0
32.421176804013264,32.851691418680616,32.189358910024964,32.72584915161133,2440200,0.0,0.0
32.75234836542348,32.78546449090268,32.540402130438444,32.73910140991211,2639600,0.0,0.0
32.619866229076,33.20934158002607,32.619866229076,32.89804458618164,2974700,0.0,0.0
33.030525304625776,33.89818190050187,33.030525304625776,33.818702697753906,2529500,0.0,0.0
33.83856555554695,34.514144969397776,33.83856555554695,34.44128799438477,2856800,0.0,0.0
34.334899598326075,35.245797668272736,34.135433219437765,35.20590591430664,5332200,0.2,0.0
34.853522493955275,35.31894586650605,34.64075795844977,35.25910568237305,3218000,0.0,0.0
35.10617812440341,35.112828442229265,34.60751081429441,34.880115509033196,2560800,0.0,0.0
35.17931506367264,35.51840770564774,34.94660467568513,35.412025451660156,1488700,0.0,0.0
35.072939858827226,35.139427829800184,34.840229424068355,35.01309967041016,3455500,0.0,0.0
34.880127760257864,34.93996795994322,34.56763119421567,34.727203369140625,2864200,0.0,0.0
34.893410155632445,35.338887560820154,34.833569982886424,35.332237243652344,4004600,0.0,0.0
35.23251265520201,35.23251265520201,34.91336330981569,35.13277816772461,1011600,0.0,0.0
34.9200058569461,35.21920671643796,34.880111563562906,35.172664642333984,2853500,0.0,0.0
35.172667771613305,35.73782302821597,35.00644533892393,35.312294006347656,3310400,0.0,0.0
35.33224079973677,35.43197527646907,35.072934203856505,35.385433197021484,1842900,0.0,0.0
35.219220245787405,35.358846521736325,34.760444572878434,34.77374267578125,2110400,0.0,0.0
34.873479906883446,35.00645840995829,34.56098080511065,34.740501403808594,2015200,0.0,0.0
34.86681997665524,34.98650034280061,34.620811462402344,34.620811462402344,3082200,0.0,0.0
34.64075672403749,34.860171570157505,34.12879382246393,34.23517608642578,3169300,0.0,0.0
34.10884746969485,34.54102686990926,34.02906140098031,34.328262329101555,1847300,0.0,0.0
34.241822934618185,34.30831089664899,33.72320972898902,33.909378051757805,3198800,0.0,0.0
33.842891693115234,34.162038491419146,33.62347684258256,33.842891693115234,2175000,0.0,0.0
33.9426117328732,35.7178681875489,33.90936776194569,34.208568572998054,3821000,0.0,0.0
34.30166735293839,34.69395246463435,34.28172146913548,34.587570190429695,3952900,0.0,0.0
34.840228888104356,36.51574906529992,34.727196295564944,36.12346649169922,5902300,0.0,0.0
36.68862537202494,36.93463392811217,36.402722508320686,36.92798614501953,4706800,0.0,0.0
36.7351600028373,37.067604889740814,36.62877774048231,36.90138244628906,3717300,0.0,0.0
36.73515805548632,37.021060845975725,36.668670096171475,36.781700134277344,2461000,0.0,0.0
36.80165429971645,36.974527091017706,36.62878404476884,36.65538024902344,2882400,0.0,0.0
36.76175941730527,36.894737890966184,35.95724332936917,36.010433197021484,2415800,0.0,0.0
36.06362993542503,36.808305926532135,36.06362993542503,36.64873123168945,2737300,0.0,0.0
36.50245759434252,36.522403480293896,36.26974460071004,36.32293701171875,1692600,0.0,0.0
36.070277718548006,36.75511351613333,35.79767295613847,36.64873123168945,2410400,0.0,0.0
36.4958097012805,36.7218723903902,36.20325903034309,36.58889389038086,1907800,0.0,0.0
36.59552665618424,36.66866492292401,36.18329325026056,36.26972961425781,1988600,0.0,0.0
36.349531641788396,36.49580823957549,36.28969398235239,36.38277816772461,1175600,0.0,0.0
36.216544998083904,36.947922698525154,35.98383206695945,36.755104064941406,2086500,0.0,0.0
36.402722224085494,36.53570071208349,35.99713897705078,35.99713897705078,1543300,0.0,0.0
35.02640596177522,36.40272808082692,34.98651164805121,36.34288787841797,7234400,0.0,0.0
36.27637680027054,36.50243936143216,36.043663922877776,36.39605712890625,2482300,0.0,0.0
36.46255203322859,36.68196432004141,36.25643530871099,36.53569030761719,1237500,0.0,0.0
36.54235239331521,36.6487346877913,36.29634381290562,36.47586441040039,1461900,0.0,0.0
36.42266172117346,36.502450321789865,36.13011112797303,36.243141174316406,1330400,0.0,0.0
36.23648372356015,36.42930231907068,36.13674926757813,36.13674926757813,1635800,0.0,0.0
36.136766970286104,36.2963416707594,35.98384258952418,36.156715393066406,2699400,0.0,0.0
36.043670097206245,36.11680837016258,35.86414957350057,35.897396087646484,1685400,0.0,0.0
35.904051824211834,36.19660244450704,35.6048508850727,36.08357238769531,2202400,0.0,0.0
35.86416219825766,36.35618186639267,35.571611539802724,36.156715393066406,2118800,0.0,0.0
36.15669768058608,36.396058345860865,35.86414462909352,36.13674926757813,2110500,0.0,0.0
36.13675351585487,36.13675351585487,35.64473656726137,35.78436279296875,1341600,0.0,0.0
35.784353749036065,35.91068184469823,35.48515295788648,35.53834533691406,1281800,0.0,0.0
35.56494152642786,35.75775755952227,35.445261209968024,35.53834533691406,1383600,0.0,0.0
35.677996275907326,35.717890587851315,35.17268100638698,35.44528579711914,1982900,0.0,0.0
35.54500211055043,35.604842283922515,35.345535711427765,35.51840591430664,1436700,0.0,0.0
35.33224223280077,35.372136532382406,34.833574901619684,34.840225219726555,1911400,0.0,0.0
34.939943811118816,35.01972984343699,34.37478873297406,34.41468048095703,2141100,0.0,0.0
34.541027069091804,34.554325170013136,34.26177202245049,34.541027069091804,2229500,0.0,0.0
34.541024274814625,34.674002736917004,34.24182336917257,34.33490753173828,1371900,0.0,0.0
34.095542042736014,34.33490273380154,34.075596163931486,34.27506256103516,3150500,0.0,0.0
34.57425508194561,34.57425508194561,34.32159635386046,34.41468048095703,4522000,0.0,0.0
34.80032138080708,34.90670361417714,34.64074676257574,34.707237243652344,2368700,0.0,0.0
34.80032434707902,34.95989897891201,34.747131957683784,34.88676071166992,2187700,0.0,0.0
35.05964216445009,35.259108616038546,34.374806417333424,34.434646606445305,3087300,0.0,0.0
34.59422225350989,34.68730643791276,33.79635636642587,34.00912094116211,3238200,0.0,0.0
33.90936827977108,33.91601605951714,33.41070109918621,33.55032730102539,3010500,0.0,0.0
33.443968705395534,33.55035101097966,33.257800304711864,33.39742660522461,2411200,0.0,0.0
33.397422181896374,33.47720826642864,32.71923412248745,32.78572463989258,3520400,0.0,0.0
32.79240086980965,33.313128848188,32.79240086980965,33.23969268798828,3422300,0.2,0.0
33.25304277496271,34.16765092247514,33.25304277496271,34.00075149536133,3948200,0.0,0.0
34.16765092247514,34.22105741487633,33.72703653676199,34.00075149536133,1998300,0.0,0.0
34.00074587071834,34.374601442413415,33.90060521234277,34.134265899658196,1570700,0.0,0.0
34.27445515829925,34.3612435448673,34.094203530818966,34.26778030395508,1657700,0.0,0.0
34.26778293396284,34.347893925652826,33.56012862510086,33.60018539428711,2360500,0.0,0.0
33.81381036285287,33.9673574639472,33.359843913233945,33.573474884033196,1711500,0.0,0.0
33.64690918516934,33.720342758224675,33.07944988054269,33.20629501342773,2850400,0.0,0.0
32.779038650677236,33.51339748288809,32.779038650677236,33.44663619995117,2168000,0.0,0.0
33.34649213794483,33.36651924590662,32.55204956636571,32.77235794067383,4934900,0.0,0.0
32.799067519367746,32.945937244928466,32.59211136726891,32.93926239013672,2350000,0.0,0.0
32.93926018111582,33.14621631933546,32.211578816857354,32.391830444335945,3805200,0.0,0.0
32.378473033040855,32.50531561883904,32.18486918102108,32.20489883422852,2609600,0.0,0.0
32.30504133235441,32.965963951601466,32.30504133235441,32.945934295654304,4848100,0.0,0.0
32.93927246383812,33.42661850651823,32.759020769145486,33.29309844970703,4591900,0.0,0.0
33.226328811410696,33.23300366605745,32.92590941865822,32.99266815185547,2218800,0.0,0.0
33.20629282268319,33.32645800097413,32.965957372737805,33.17958831787109,1883700,0.0,0.0
33.673618375210445,34.10755778682177,33.5534506165083,34.047473907470696,3907500,0.0,0.0
33.81380425580248,33.867210715515625,33.52005981399463,33.52673721313477,2524000,0.0,0.0
33.65358181821797,33.913944373431555,33.1261793082469,33.17958831787109,3076100,0.0,0.0
33.346493123334305,33.37987248648437,33.039398907662374,33.152889251708984,2768600,0.0,0.0
33.15956946347541,33.31311914280358,32.71228032229252,32.73230743408203,10817200,0.0,0.0
32.986003701411484,34.227735885324805,32.986003701411484,33.90061187744141,6191300,0.0,0.0
33.98072437575407,34.19435543870441,33.179606616348735,33.21298599243164,3982000,0.0,0.0
33.17960867738534,33.18628353434328,32.5387154487236,32.57876968383789,3153900,0.0,0.0
32.57877250931873,33.06611860338102,32.378493676327636,32.71896743774414,2287700,0.0,0.0
32.692270460610125,33.32648643762664,32.5787774916589,33.132884979248054,2309400,0.0,0.0
33.37988221697045,33.99407082735491,33.36652995848171,33.68030166625977,2914600,0.0,0.0
33.50671668044127,33.50671668044127,33.099484355930144,33.10615921020508,1586800,0.0,0.0
33.346496900135534,33.386551121779235,32.779037475585945,32.779037475585945,2092000,0.0,0.0
32.84581018058548,32.94594831620733,32.532038419600326,32.759021759033196,2910800,0.0,0.0
32.69225510565245,33.433288845012484,32.69225510565245,33.366527557373054,2467000,0.0,0.0
33.17292713341216,33.37988332684447,32.97932574559553,33.03940963745117,2256200,0.0,0.0
33.279741057459624,33.54678112990314,33.05943516237415,33.08613967895508,3030600,0.0,0.0
32.87916938545777,32.93925324863857,32.351766869390964,32.37847137451172,2891600,0.0,0.0
32.391830045576675,32.505320394805544,32.03800419600168,32.23160552978516,4319400,0.0,0.0
32.25165144593563,32.25165144593563,32.00463842011112,32.091426849365234,3221800,0.0,0.0
31.98458739251556,31.991262245153326,31.3770739352117,31.690845489501953,4306400,0.0,0.0
31.74427682839006,31.96458533831556,31.54399798543829,31.71089744567871,4806500,0.0,0.0
31.597382226699892,31.604057079327998,30.943134615152957,31.210174560546875,5082900,0.0,0.0
31.210179669871646,31.270263540087342,30.74286096226977,31.13674354553223,4538200,0.0,0.0
31.203513214510668,31.764295305229826,31.04328866858401,31.737590789794922,3371600,0.0,0.0
31.25690998302123,31.51059770743279,31.090010633455037,31.45051383972168,3093000,0.0,0.0
31.24356910331717,31.250246505872553,30.98320643068099,31.076669692993164,3827700,0.0,0.0
30.76289745921411,31.977924841221423,30.562616149492957,31.9178409576416,5513200,0.0,0.0
31.644131615449034,32.044689211924855,31.51061156772939,31.670833587646484,3614900,0.0,0.0
31.610748458693305,31.93119757937594,31.610748458693305,31.877788543701172,3390300,0.0,0.0
32.05803098025216,32.97931620667217,32.05135357937569,32.945934295654304,4034200,0.0,0.0
32.792393217087515,33.37320495947836,32.78571836166493,33.366527557373054,3680800,0.0,0.0
33.1996311532752,33.246362785497155,32.885859439770954,33.006027221679695,3819500,0.0,0.0
32.839119700039426,32.94593519684453,32.18487446377287,32.28501510620117,3673700,0.0,0.0
32.29169181450717,32.685574459092486,32.01130207430192,32.525352478027344,3895300,0.0,0.0
32.71226836484574,33.326456670921374,32.68556386109941,33.159557342529304,3443700,0.0,0.0
33.12619658424747,33.82049879136457,33.05943783408289,33.727035522460945,3705000,0.0,0.0
33.72035880170637,34.661671459497896,33.680304569470444,34.628292083740234,4166600,0.0,0.0
34.64830871859617,34.83523518990024,34.548168082293465,34.675010681152344,4870600,0.0,0.0
34.63495929923239,34.848590297262874,34.387946388580225,34.795181274414055,2063800,0.0,0.0
34.79517792019701,35.062217915333925,34.508110816763555,34.97542953491211,2183200,0.0,0.0
34.98210683062964,35.04219070202128,34.63495585666485,34.935375213623054,2658100,0.0,0.0
34.935379566705805,35.282528037244504,34.91534990929139,35.155685424804695,2112400,0.0,0.0
35.38266766427276,35.88336579159736,35.369315408608884,35.77655029296875,2517200,0.0,0.0
35.783229261370884,36.13038030849562,35.696443409601706,36.08364868164063,1558900,0.0,0.0
35.736505392532955,35.74318279592335,35.516199467630834,35.58295822143555,1591200,0.0,0.0
35.589613981630244,36.096986823372546,35.53620497371964,35.72980880737305,1876600,0.0,0.0
35.54872450928839,35.58226053011745,35.06579762171997,35.126163482666016,2684100,0.25,0.0
35.347516732242305,35.81032010320491,35.2603210042748,35.74995422363281,2459900,0.0,0.0
35.904209143668574,35.904209143668574,35.46152703836954,35.73652648925781,2115400,0.0,0.0
35.548723689197786,35.81701696690962,35.454821809588964,35.69628524780273,1902500,0.0,0.0
35.50847315603203,36.152376406110506,35.50847315603203,36.098716735839844,1530000,0.0,0.0
36.03166755933121,36.729225804831316,35.95117800287558,36.642032623291016,1846600,0.0,0.0
36.64873272303212,36.64873272303212,36.32007604395557,36.3267822265625,526200,0.0,0.0
36.621890659754,36.86335409122256,36.413965806038256,36.74262237548828,1835000,0.0,0.0
36.78286355886867,36.87676542672853,36.51457031472562,36.77615737915039,1526500,0.0,0.0
36.621896822330854,36.80970316653979,36.45421413988679,36.548118591308594,1852400,0.0,0.0
36.70908598628729,37.279208540092434,36.54811207268728,37.1987190246582,2107800,0.0,0.0
37.2054342487536,37.58104181838072,37.01092172383401,37.56092071533203,1686400,0.0,0.0
37.39322971537693,37.46030174970872,36.80969482906124,36.96396255493164,1679400,0.0,0.0
36.95054619679957,37.27249655459082,36.72249770686818,36.77615737915039,2171800,0.0,0.0
36.84994744750639,36.92372824131729,36.568241753284546,36.65543746948242,2064500,0.0,0.0
36.6487221891487,36.7828688304456,36.34689288588928,36.46091842651367,2575200,0.0,0.0
36.39384867341357,36.72921404200197,36.33348280472227,36.60177612304688,1785900,0.0,0.0
36.856641598760206,37.0176154864146,36.81639684752971,36.91700744628906,1627100,0.0,0.0
37.057867260809886,37.52737921294519,36.96396538210967,37.50725555419922,3576800,0.0,0.0
37.50054163699001,37.507247816098925,37.12493164104679,37.16517639160156,2216800,0.0,0.0
36.621879562471314,37.09139136376115,36.179197591799976,36.78285598754883,3020500,0.0,0.0
36.15909593760046,36.373729580670435,34.93836613315192,35.3139762878418,11200800,0.0,0.0
35.64933467410314,35.77006639444989,35.44140725380942,35.57555389404297,7824600,0.0,0.0
35.615788247523064,36.28651874226839,35.615788247523064,36.206031799316406,2907800,0.0,0.0
36.286513492354224,36.46761100677042,35.87066136219486,36.02492904663086,2024300,0.0,0.0
36.024942567331514,36.25969982981602,35.90421084574164,36.13225936889648,1392200,0.0,0.0
36.28652603326498,36.28652603326498,35.957869457638225,36.159088134765625,973500,0.0,0.0
36.09202072316271,36.132262928567656,35.56884902518667,35.5822639465332,1300200,0.0,0.0
35.85056270790635,35.9645857187391,35.70970985030059,35.803611755371094,913800,0.0,0.0
35.92432892035156,36.23957053670981,35.857254330654285,35.897499084472656,997900,0.0,0.0
35.823734567523125,35.964587431838105,35.810319643497635,35.86397933959961,909300,0.0,0.0
36.10543681037149,36.62189722639907,36.01153235791358,36.60177612304688,2015600,0.0,0.0
36.50116062785868,36.60847998780369,36.29994194523052,36.46091842651367,1984600,0.0,0.0
36.47432530509467,36.57493334491074,35.96456869227823,36.07859420776367,1777000,0.0,0.0
36.21944671624737,36.299933659199354,36.09200884335392,36.206031799316406,3497100,0.0,0.0
36.219452200816676,36.62188953514986,36.219452200816676,36.595062255859375,1743300,0.0,0.0
36.501159998939926,36.50786873813807,35.97128474083026,36.03835678100586,2393500,0.0,0.0
36.23287136333,36.42067513352961,36.09872471662978,36.14567565917969,2038100,0.0,0.0
36.45420480287921,36.943840361804156,36.45420480287921,36.48774337768555,2923900,0.0,0.0
36.896898179161504,37.654824658433384,36.890191997324926,37.49385070800781,3217900,0.0,0.0
37.49384812149829,37.56762635115011,36.776166458659404,36.97067642211914,3354100,0.0,0.0
36.48774872566523,36.76274819239902,35.87738393078611,36.01152801513672,4389400,0.0,0.0
36.32006423903851,36.60176987239998,36.32006423903851,36.44750213623047,3144900,0.0,0.0
36.5212840295061,36.601770990262644,35.843844647121614,35.917625427246094,3160000,0.0,0.0
36.15238825306482,36.3066560176949,35.74324208839453,35.977996826171875,2213900,0.0,0.0
36.226163091456904,36.37372466059574,35.30055659040745,35.35421371459961,4598900,0.0,0.0
35.682863808869,36.03835016205138,35.2334730345996,35.50847244262695,3729200,0.0,0.0
35.85055513231239,35.88409115437463,35.146288434467436,35.30055618286133,3508500,0.0,0.0
35.54201718450932,35.696284922264745,35.09933507136594,35.146286010742195,2414500,0.0,0.0
35.14628428544458,35.374332790634924,34.73042947333419,34.75055313110352,3008700,0.0,0.0
34.74384415049373,34.891405699482306,34.52921056576534,34.71701431274414,3087000,0.0,0.0
34.72372677345687,35.287140633418495,34.515799346561515,35.045677185058594,3545200,0.0,0.0
35.77006749323265,35.85055445639143,35.360921379337654,35.38104248046875,7063300,0.0,0.0
35.09933232819733,35.293842250996704,34.777379399587566,34.951770782470696,3018300,0.0,0.0
34.97860241568912,35.16640616815964,34.48896681766085,34.68347930908203,2584300,0.0,0.0
34.68348206749844,34.87799457438941,34.381652756570105,34.54262924194336,3083600,0.0,0.0
34.71030807495117,34.884696902765434,34.609697462874465,34.87799072265625,1743600,0.0,0.0
35.12616026701487,35.273721815515344,34.978601277148535,35.03896713256836,2672300,0.0,0.0
35.18651953216967,35.4212767297819,34.790788456010326,35.012130737304695,3223800,0.0,0.0
34.97862159721571,34.97862159721571,34.4621584360702,34.67679214477539,2153800,0.0,0.0
34.609707129162025,35.072513003612855,34.522513970219435,34.99202346801758,2750900,0.0,0.0
35.14703944195465,36.056885045563455,35.12681887966091,35.92209243774414,3878200,0.25,0.0
35.82773154244037,36.38037881511479,35.59858492418843,36.36016082763672,2116800,0.0,0.0
36.18492256003413,36.38037163694053,35.962517028793954,36.09056854248047,2470300,0.0,0.0
34.688739830887194,35.005499445254,34.243926105370996,34.931365966796875,7260800,0.0,0.0
34.92463292799113,35.26835422295901,34.7494043290927,35.187477111816406,5684600,0.0,0.0
35.01224188529751,35.018980357806214,34.5809076580072,34.74265670776367,3765000,0.0,0.0
34.65503975682387,35.01897896068839,34.601124266040976,34.931365966796875,2604900,0.0,0.0
34.877443030526216,35.5109647416724,34.81004803372819,35.41661071777344,2020000,0.0,0.0
35.30203781246086,35.40987134717165,34.72243159928247,34.810047149658196,2849000,0.0,0.0
34.80331132853935,35.15377101166165,34.77635229807887,35.12681198120117,2392600,0.0,0.0
34.587636051003905,34.965054675373175,34.587636051003905,34.911136627197266,2560800,0.0,0.0
34.60112151335384,35.059414717844966,34.412413454194365,34.89766311645508,2434800,0.0,0.0
34.810048279103405,34.86396376273101,34.19674454848259,34.23044204711914,3365400,0.0,0.0
33.900209787342106,33.906950831510656,33.576709083038914,33.623886108398445,4355000,0.0,0.0
33.65083172298044,33.671049705512864,33.4351646727878,33.502559661865234,3870600,0.0,0.0
33.75867506782995,33.79237257217063,33.38125633473192,33.583446502685554,3107000,0.0,0.0
33.765411091731465,33.81258810857822,33.31385891021132,33.39473342895508,3350100,0.0,0.0
33.69128447140711,33.873251532868395,33.63736640063701,33.799118041992195,2816100,0.0,0.0
33.80584581131576,34.42589057406968,33.772148313231746,34.257400512695305,2217800,0.0,0.0
34.351760864257805,34.47981240894942,34.08891673144331,34.351760864257805,1691200,0.0,0.0
34.0889114033108,34.095649874734065,33.664315716922644,33.718231201171875,3161800,0.0,0.0
33.88672656378159,34.351760864257805,33.79911356681328,34.351760864257805,3339500,0.0,0.0
33.90695467000521,34.11588078569065,33.75194405899638,33.86651611328125,4790000,0.0,0.0
33.66432416314215,33.724980704987466,33.22624885304206,33.38800048828125,4126500,0.0,0.0
32.38379018633487,33.76540821399785,32.38379018633487,33.718231201171875,3312300,0.0,0.0
32.68707699655697,32.889264587499376,31.689615986413717,32.006378173828125,16888700,0.0,0.0
32.11420465172209,32.383787189933145,31.952453072032128,32.24225616455078,8295100,0.0,0.0
32.242253121802825,32.48487918296371,32.12094009122238,32.43770217895508,5047200,0.0,0.0
32.22204045710927,32.51858204137306,32.08050685077594,32.20856094360352,5086800,0.0,0.0
31.98615794003008,32.040076002671675,31.709834296378713,31.73005485534668,4080200,0.0,0.0
31.73004713836389,31.912014128136736,31.473941545012536,31.75026512145996,3390100,0.0,0.0
31.78396221854973,32.040067808690985,31.622210642946282,31.925493240356445,3153000,0.0,0.0
31.92550089678617,32.26248107006729,31.83114685962021,32.04681396484375,3625300,0.0,0.0
31.986155266150945,32.080509296931496,31.743529146455522,31.797447204589844,4789400,0.0,0.0
31.682877057848053,31.885067233240342,31.608743573953074,31.62896156311035,4006600,0.0,0.0
31.628963152203315,32.26922607421875,31.61548363510294,32.26922607421875,4147100,0.0,0.0
32.58597309070811,32.612932114454004,32.10746198851155,32.228775024414055,3290600,0.0,0.0
32.323129461759045,32.47140152335786,32.10746241086297,32.316390991210945,2618800,0.0,0.0
32.03333656024082,32.33661925036964,31.393076245580364,31.50090980529785,3172600,0.0,0.0
31.642428497846225,31.84461602188967,31.50763595816597,31.824398040771484,2967600,0.0,0.0
32.06703711102212,32.154650112057446,31.93898298943143,32.12095260620117,2979600,0.0,0.0
32.127691044228094,32.26248363846223,31.804190360639105,31.878326416015625,2651400,0.0,0.0
32.080506439890605,32.3837890625,31.86483936846932,32.3837890625,3072600,0.0,0.0
32.323140306758646,32.323140306758646,31.9255035662008,32.10073471069336,4919400,0.0,0.0
31.770491843288852,32.282703170879465,31.67613780161554,32.08051300048828,3887200,0.0,0.0
32.619684529452236,32.7275180910804,32.013119138447074,32.10073471069336,4335000,0.0,0.0
32.10746896184833,32.114210004725884,31.918760896550094,32.01311492919922,2336000,0.0,0.0
32.01311937368619,32.17487100279445,31.71657771976845,31.723316192626953,2513600,0.0,0.0
31.898550021980476,32.03334005812962,31.588526254354075,31.65592384338379,1910200,0.0,0.0
31.662645062293606,31.858094107537365,31.61546806115942,31.676124572753906,2315700,0.0,0.0
31.66263924854401,31.736775256986284,31.521108271128732,31.554805755615234,1612000,0.0,0.0
31.70309151083991,31.85810206341332,31.575037414965163,31.66265296936035,1579300,0.0,0.0
31.70308914175485,31.965933214344425,31.60873512297441,31.93223571777344,1517700,0.0,0.0
31.797459023920194,31.94573116794882,31.62896888605328,31.88507461547852,2036800,0.0,0.0
32.181596606512606,32.54553569825393,32.161378625067165,32.43770217895508,2320600,0.0,0.0
32.680326948406126,32.835337465586726,32.47813685812782,32.532054901123054,2712000,0.0,0.0
33.02404928128328,33.20601884093953,32.76120521876449,32.815120697021484,3957000,0.0,0.0
33.03079964113399,33.226248783443395,32.606206420061156,32.66012191772461,3488200,0.0,0.0
32.78142071829707,32.9296927714407,32.37030462254711,32.43770217895508,3207500,0.0,0.0
32.579243255657055,32.65337930513165,32.04007549259819,32.04681396484375,3408100,0.0,0.0
32.040070986175806,32.22877903396603,31.420026217651138,31.446985244750977,3072700,0.0,0.0
31.66938668956625,31.81091769559018,31.13021654498289,31.36610412597656,3511900,0.0,0.0
28.980299550456714,29.789052610241882,27.86826377188273,28.71071434020996,27085700,0.0,0.0
27.69380482859675,28.27005448268936,27.69380482859675,27.81583404541016,14877300,0.25,0.0
27.388729648765217,28.29716778050698,27.31415596400463,27.48364067077637,8904900,0.0,0.0
27.510763917504818,27.7073642481532,27.28704282196898,27.59889411926269,7489300,0.0,0.0
27.049765183468857,28.012437252692052,27.049765183468857,27.84973335266113,6044100,0.0,0.0
27.69379746806811,28.073444106821018,27.300594329833984,27.300594329833984,6423000,0.0,0.0
27.368392303367067,27.544657863246695,27.15145206515492,27.436187744140625,4769400,0.0,0.0
27.29380884396009,27.320927010564752,27.083649518100728,27.192119598388672,5091900,0.0,0.0
27.09721831687479,27.219247524217568,26.914174505860625,27.18534851074219,3603500,0.0,0.0
27.11754379818269,27.144661962652197,26.683663511192652,27.015851974487305,4368800,0.0,0.0
27.015862273311466,27.26670151108204,26.83282105869071,27.05653953552246,5180500,0.0,0.0
26.934502187905807,27.232794262164955,26.76501752582273,27.192119598388672,3288400,0.0,0.0
27.266690169217576,27.36160115543253,27.04975003326043,27.21245384216309,3024400,0.0,0.0
27.083659310113298,27.18534859245016,26.63621974388884,26.656557083129886,2497900,0.0,0.0
26.371829341567512,26.378607593979662,25.822697795424638,26.10065269470215,4694800,0.0,0.0
25.897262963531553,26.310806049884448,25.88370387704589,26.066747665405273,4139000,0.0,0.0
25.883697391949983,25.883697391949983,25.321007081366833,25.35490608215332,7644000,0.0,0.0
25.42270647598844,25.476942824480304,25.246443515652754,25.266780853271484,4401000,0.0,0.0
25.314239274592534,25.32101752586735,24.676977623358976,24.68375587463379,5420500,0.0,0.0
24.68375099388581,25.11763140137073,24.676972743951268,25.09051322937012,5563400,0.0,0.0
24.948148938560447,25.565073183070787,24.880356088622307,25.49049949645996,5735500,0.0,0.0
25.49050521597443,26.08709225659076,25.49050521597443,25.87693023681641,4712600,0.0,0.0
25.449817295939056,27.449736811354853,25.232877136924195,27.246353149414066,13922500,0.0,0.0
27.117553138179744,28.242931489968942,27.117553138179744,28.10056495666504,7161800,0.0,0.0
27.998871148058097,28.03276756989394,27.55143165588379,27.55143165588379,3737300,0.0,0.0
27.61245287413669,28.23615804730027,27.598893784923156,28.13446617126465,3691200,0.0,0.0
27.992080608769736,28.12088798964808,27.707345100867506,27.76158142089844,3738200,0.0,0.0
27.673463100473448,28.01243251874101,27.470081966739198,27.65312576293945,2171800,0.0,0.0
27.592110368062038,27.924298940145675,27.537874021361084,27.842947006225586,1890700,0.0,0.0
27.849725114512964,27.87684069907589,27.571767744095855,27.734474182128906,2560700,0.0,0.0
27.720913288676982,27.754809706768054,27.442958522520662,27.59210586547852,2780400,0.0,0.0
27.524314934685844,27.84972784262889,27.44296300076576,27.842947006225586,2418100,0.0,0.0
27.951410933845047,28.32427668351919,27.951410933845047,28.297161102294922,2941500,0.0,0.0
28.385293392036914,28.561558906909852,28.290382385319624,28.52088165283203,1081400,0.0,0.0
28.5141122918069,28.5141122918069,28.02599543524389,28.27005386352539,2680900,0.0,0.0
28.27005207340991,28.554785164287285,28.27005207340991,28.42597770690918,2694200,0.0,0.0
28.425970387956447,28.568336896739435,28.14801561960972,28.27682304382324,3387100,0.0,0.0
28.276827202067718,28.500548251166787,28.24293077872489,28.37851905822754,2341400,0.0,0.0
28.310718947349486,28.36495528464108,28.019207685865396,28.249704360961914,2075800,0.0,0.0
28.19548027857241,28.23615754549011,27.40229038353385,27.422630310058594,3206700,0.0,0.0
27.192129113046256,27.42262843757729,26.832822331268797,26.873497009277344,4737700,0.0,0.0
26.9141714736665,27.09043442767487,26.656553999840728,26.92773056030273,3277000,0.0,0.0
26.710791737363035,26.88027644994495,26.392159650146947,26.60232162475586,3865200,0.0,0.0
26.480290181475358,26.62943495734294,26.26334997463955,26.500627517700195,2602700,0.0,0.0
26.615874417996192,27.52431245432217,26.615874417996192,27.44974136352539,4180900,0.0,0.0
27.273477017982724,27.31415427610155,26.85993394523393,26.94806671142578,3072500,0.0,0.0
27.042988185605058,27.28704665643759,26.581989426506343,26.82604789733887,5015800,0.0,0.0
26.90061386814407,27.00230573044919,26.697232729665327,26.98874664306641,3065400,0.0,0.0
27.04975496962253,27.836163752513066,26.988740383616754,27.63278007507324,5168300,0.0,0.0
27.55820965359007,27.56498790280663,27.05653386924321,27.124326705932614,4747100,0.0,0.0
27.354836624274306,27.354836624274306,26.649782055284128,26.859941482543945,5912600,0.0,0.0
26.948065732325286,27.076873165824797,26.79214012773185,26.91416931152344,2634700,0.0,0.0
26.914168558757066,27.124327913529267,26.34469991236759,26.412492752075195,3501900,0.0,0.0
26.412497517535826,26.41927835440865,25.727780402877496,25.82946968078613,4605900,0.0,0.0
26.107421663256602,26.27012811074347,26.005732396442145,26.11420249938965,3003200,0.0,0.0
26.00572487315884,26.120973192767558,25.822681142488666,25.97182846069336,4092300,0.0,0.0
26.249800109091314,26.405725775892634,25.985404300770288,26.10065269470215,2286000,0.0,0.0
26.127754197050592,26.14809152743619,25.659974909137702,25.734548568725586,2017100,0.0,0.0
25.93793795656033,26.09386616000164,25.598968548634844,25.61930847167969,2528500,0.0,0.0
25.843028005627502,26.02607180381824,25.422706646521817,25.49049949645996,3434900,0.0,0.0
25.490498739191302,25.81591165039513,25.44304322841811,25.70066070556641,2794200,0.0,0.0
25.646429156402572,25.8023547889815,25.463385347862555,25.483722686767575,2486500,0.0,0.0
25.395588731858894,25.48372150658513,24.873575506374998,24.907474517822266,4432800,0.0,0.0
25.21254683632766,25.436267915348214,25.097298464321927,25.205768585205078,4608300,0.0,0.0
25.321792855407697,26.140827140993448,25.287666969266247,26.113525390625,3575300,0.25,0.0
26.686854832794882,27.287480451055174,26.61177890869627,27.15097427368164,5407100,0.0,0.0
27.150968646101862,27.232873897732755,26.77557868886077,27.219223022460934,2890800,0.0,0.0
27.198740709021987,27.23969332776267,27.02128456842125,27.096363067626953,1897900,0.0,0.0
26.925732038214747,27.014461413552066,26.84382940140069,26.94620704650879,2050500,0.0,0.0
26.57081359713878,26.816524078451977,26.550338591575194,26.768747329711914,1894900,0.0,0.0
26.775570104767986,26.802871846558837,26.502560497771693,26.58446311950684,2490800,0.0,0.0
26.584471164032035,26.686848821271354,26.47526676746052,26.63224792480469,1466700,0.0,0.0
26.618597047848674,27.232873405792766,26.618597047848674,27.11684226989746,1745800,0.0,0.0
27.280651000888785,27.724292736404625,27.26017338590559,27.710641860961914,3239100,0.0,0.0
27.71064150336787,27.929050300356213,27.533185332179194,27.70381736755371,2271100,0.0,0.0
28.338567588671808,28.74808341537025,28.17475969580956,28.59792900085449,4676500,0.0,0.0
28.66618384681236,29.007447940226783,28.66618384681236,28.68665885925293,3060500,0.0,0.0
28.898248046875054,28.993801591369422,28.42047772076443,28.51603126525879,2358700,0.0,0.0
28.516026812545714,28.76173737638625,28.41364914670443,28.68665885925293,2561200,0.0,0.0
28.686653557153893,28.80268468136096,28.509197406978164,28.73443031311035,2532500,0.0,0.0
28.734437075243946,29.219034091131714,28.66618529456943,29.13712882995605,2589600,0.0,0.0
29.075693059198084,29.46473382831017,29.00744129760003,29.36235618591309,3307200,0.0,0.0
29.751402488246182,30.5567859223514,29.68997484992839,30.549959182739254,6451000,0.0,0.0
30.133629849998247,30.304261949706863,29.71728711012693,29.928869247436523,5420000,0.0,0.0
29.79919550245777,29.908399963063825,29.649038392759568,29.74459457397461,2853800,0.0,0.0
29.806001798354306,29.976633828627378,29.478388612666578,29.90155792236328,4248100,0.0,0.0
29.758220099837068,29.901552960245574,29.18489646911621,29.18489646911621,3355800,0.0,0.0
29.19172136675042,29.49203273395103,28.918709139377103,29.22584724426269,3922700,0.0,0.0
29.416978588516745,29.771893736396336,29.348726777002856,29.74459457397461,4031900,0.0,0.0
30.502170634304928,31.450886593670482,30.290588653570804,30.543123245239254,9580600,0.0,0.0
30.543140022343717,30.706947952422123,30.38615883298954,30.509014129638672,3258900,0.0,0.0
30.88439233619282,31.51914359139344,30.47487657319011,31.44406509399414,4258600,0.0,0.0
31.232490858602844,31.62153434753418,31.014082031899505,31.62153434753418,3944600,0.0,0.0
31.573753445448066,31.97644518834672,31.48502665390182,31.64200782775879,3460800,0.0,0.0
31.86724370679174,32.235809594201214,31.805816058890162,32.031051635742195,3406700,0.0,0.0
32.010581201525305,32.33136776101304,31.894550026157244,32.099308013916016,2416200,0.0,0.0
32.44056685675399,32.44056685675399,32.05152596293581,32.17438125610352,2781400,0.0,0.0
32.18121061503545,32.8227862842825,31.98327678175621,32.78183364868164,3577500,0.0,0.0
32.740867789222776,33.273238776482465,32.7340410514367,33.266414642333984,3351900,0.0,0.0
32.993405874841194,33.088959384777496,32.59071422322546,32.945629119873054,3581600,0.0,0.0
32.76817495035573,33.08896401024564,32.67262142706212,33.013885498046875,2293300,0.0,0.0
32.809129062165844,33.05483962098564,32.631672882817284,32.966110229492195,2017300,0.0,0.0
32.310879891063465,32.829600093964146,32.147072003830694,32.727222442626946,4044800,0.0,0.0
32.297241863659764,32.37914453803545,31.901376767811346,32.099308013916016,3164400,0.0,0.0
32.31089477692551,32.515652777571425,32.078835015223014,32.37914657592773,2527500,0.0,0.0
32.911505339399554,32.911505339399554,32.19484876184899,32.727222442626946,2802000,0.0,0.0
32.61802099265727,32.843253928812835,32.447388954742514,32.6043701171875,2303000,0.0,0.0
32.399607125761506,32.50881150880401,32.18802249452507,32.447383880615234,2368600,0.0,0.0
32.44739478247497,33.03436951490777,32.44739478247497,32.85691070556641,3386900,0.0,0.0
32.77500758785359,32.911513761540164,32.57024962914307,32.76818084716797,1503400,0.0,0.0
32.9319808282907,32.95928257716657,32.693097034722065,32.81595230102539,1605000,0.0,0.0
32.65897400695736,33.054841620927036,32.57024721373396,33.034366607666016,1436200,0.0,0.0
32.82960096903997,32.97975798603595,32.6453206709934,32.85007858276367,1852200,0.0,0.0
32.891039770070165,33.09580035499866,32.618029996230476,33.05484771728516,3317400,0.0,0.0
33.068494441044216,33.83975209740994,32.952463283922924,33.75784683227539,3104200,0.0,0.0
33.37562517350612,33.58038308303649,33.123087901568525,33.314197540283196,1612000,0.0,0.0
33.32102988068445,33.757847556215005,33.075319287288835,33.64181900024414,2039200,0.0,0.0
33.77832108712242,33.87387461662661,33.29372409606221,33.32102584838867,1992000,0.0,0.0
33.36198691476572,33.61452167856032,33.348336035149906,33.416587829589844,1893300,0.0,0.0
33.109445829353426,33.109445829353426,32.78183256628032,32.891036987304695,2600000,0.0,0.0
32.95245652851315,32.95245652851315,32.29723016359322,32.331356048583984,2724600,0.0,0.0
32.536121583506926,33.027542774127625,32.46104566039652,32.85691070556641,1637700,0.0,0.0
32.8569077792112,33.1640459959943,32.65214983590197,33.007064819335945,1410800,0.0,0.0
33.00706580091546,33.5053110991191,32.91833640150867,33.368804931640625,1375200,0.0,0.0
33.50530374756563,33.50530374756563,32.79547391533547,32.877376556396484,1643500,0.0,0.0
33.17087006222789,33.17087006222789,32.72040154644686,32.95246124267578,1941800,0.0,0.0
32.95929387802576,33.423413353497324,32.74770915714818,33.259605407714844,3361900,0.0,0.0
33.44388092216039,33.7032423603714,33.368802405548905,33.553085327148445,2363000,0.0,0.0
33.67320389653571,34.11934137815464,33.67320389653571,34.10561370849609,2120900,0.275,0.0
34.133060561339235,34.311517604245395,34.01637932567988,34.249744415283196,1994600,0.0,0.0
34.25660407797013,34.33896745027875,34.11246752185894,34.222286224365234,1236200,0.0,0.0
34.455665800059855,34.627257758607676,34.22916315799969,34.25661849975586,2146900,0.0,0.0
34.421335202305336,34.65470028435869,34.38701472865977,34.57233428955078,1812800,0.0,0.0
34.524291721059264,34.81256749097252,34.524291721059264,34.716476440429695,1384500,0.0,0.0
34.42819889967112,34.99788526756524,34.42819889967112,34.668426513671875,663200,0.0,0.0
34.819431468694155,34.949840382976355,33.69378891257663,34.091880798339844,2742300,0.0,0.0
34.05069630772305,34.06442397361597,33.48787509753627,33.54964828491211,2841600,0.0,0.0
33.62515383007737,33.67319935826435,33.24764951105839,33.40551376342773,2753500,0.0,0.0
33.26137972354639,33.81047338646691,33.02801458951953,33.62515640258789,2083000,0.0,0.0
33.11723109847484,33.14468642621929,32.12886286423219,32.321044921875,4723300,0.0,0.0
32.58873807033323,32.92505939526023,32.465191674913925,32.63678359985352,4051700,0.0,0.0
32.61619076654017,32.97310225571793,32.506372048199694,32.732872009277344,2402400,0.0,0.0
32.81523690210157,33.00055647396297,32.698553045025285,32.95937347412109,1877800,0.0,0.0
32.54754853778293,32.82209660993484,32.43772983257906,32.520095825195305,1981800,0.0,0.0
32.48577976476134,32.71227971125324,32.3690959112534,32.458324432373054,1320200,0.0,0.0
32.57501040214386,32.76032999527282,32.39655595225208,32.63678359985352,1654600,0.0,0.0
32.568138122558594,32.80836569820836,32.32104540572786,32.568138122558594,2099900,0.0,0.0
32.739741317623825,32.808377043462755,32.437737840048285,32.767196655273445,1478500,0.0,0.0
32.86328698633128,33.17215298229291,32.780920975218145,32.80837631225586,1764700,0.0,0.0
32.80837286906482,32.87701120445561,32.712281817802484,32.732872009277344,2938800,0.0,0.0
32.84955772040856,33.1996040866197,32.609327460438045,32.99369430541992,1323500,0.0,0.0
33.1721566376696,33.1721566376696,32.65738079376997,33.00742721557617,2106300,0.0,0.0
32.91132568520199,33.199598809402474,32.81523464380183,32.97996139526367,2054000,0.0,0.0
33.288824321376964,33.824190142715146,32.794638875043695,33.67319107055664,3647300,0.0,0.0
34.08502058182513,34.25661251037204,33.37119753068161,33.54278945922852,1740200,0.0,0.0
33.494739532470696,33.73496977187686,33.371193150669754,33.494739532470696,581900,0.0,0.0
34.15365858856119,34.5311629512226,34.12620586805554,34.263477325439446,1955600,0.0,0.0
34.270322400054525,34.36641341126498,33.87222807557271,34.08500289916992,1123100,0.0,0.0
34.08500920025256,34.215418079819806,33.61827910099141,33.66632461547852,1107700,0.0,0.0
34.6821565070657,35.14202419394673,34.558610120637056,34.97043228149414,4324900,0.0,0.0
35.03906992226216,35.2243895120763,34.709613746465344,34.91552352905273,2776100,0.0,0.0
34.750806488479355,34.750806488479355,34.14680202111651,34.23603057861328,2033200,0.0,0.0
34.3938781106741,34.620378039093914,34.10560238016732,34.222286224365234,2703100,0.0,0.0
34.524281631714466,34.77137432849147,34.421328086913384,34.613510131835945,2225700,0.0,0.0
34.48311245101921,34.69588475029067,34.38701877909115,34.489974975585945,2236800,0.0,0.0
35.07338719613432,35.176343394847834,34.70961316570706,34.867477416992195,4420300,0.0,0.0
35.08711831773012,35.196937051968504,34.73020677688407,34.942981719970696,2209200,0.0,0.0
35.19006971997067,35.41656968289999,34.91552161273261,34.97043228149414,2896400,0.0,0.0
35.279288646493534,35.478333220873154,34.88805940203539,35.23124313354492,3421400,0.0,0.0
35.9656614294106,36.0342971385512,35.33420190852235,35.656795501708984,3622300,0.0,0.0
36.013715759601524,36.192170217993564,35.72543995046347,35.95880508422852,4195600,0.0,0.0
35.938205487633184,36.06861438009768,35.588156569425976,35.814659118652344,2305000,0.0,0.0
35.79408005989821,35.93135151853015,35.3822578291466,35.684261322021484,2659200,0.0,0.0
35.69111725157842,35.97939040337217,35.574436009648025,35.869571685791016,3507700,0.0,0.0
35.72544046951653,35.89016987974377,35.21752980636238,35.47148513793945,3394000,0.0,0.0
35.77348450093272,35.842122843266075,35.45089345596354,35.66366577148437,3142100,0.0,0.0
35.69798637325649,35.75975957695496,35.5195319060638,35.684261322021484,1892600,0.0,0.0
35.725440481667455,35.82839669038014,35.66366728009687,35.7940788269043,1762100,0.0,0.0
35.34108409544415,35.47835557993151,35.15576444944335,35.389129638671875,4057600,0.0,0.0
35.75289581976219,35.835259215761255,35.41657447381453,35.7940788269043,2741900,0.0,0.0
35.69797948193721,35.97252758277144,35.47834204858371,35.53325271606445,3375800,0.0,0.0
35.0047500419181,35.17634195388828,34.50370197315933,34.853748321533196,3342300,0.0,0.0
34.421325816482536,34.421325816482536,33.54277377274872,33.81732177734375,5755900,0.0,0.0
33.93402336810321,34.55175544049054,33.65947781681971,34.242889404296875,5271000,0.0,0.0
33.94774970525325,34.17425232899545,33.76243009081471,34.023250579833984,2091600,0.0,0.0
34.00951614593995,34.13992767365479,33.117238734773984,33.254512786865234,2538500,0.0,0.0
33.59082939848174,33.700648109740754,33.29569112104476,33.39864730834961,1632100,0.0,0.0
33.43983625196534,33.73497458187291,33.330017521182405,33.467288970947266,2622000,0.0,0.0
33.6294943134912,33.836571948630755,33.53285825930174,33.77444839477539,2145700,0.275,0.0
33.70542320540697,33.76754412577955,33.450024911467544,33.588077545166016,1736000,0.0,0.0
33.25676861151657,33.44313936062355,33.15322842874507,33.38101577758789,2056500,0.0,0.0
33.58809750598763,33.78827381215497,33.2360655823283,33.753761291503906,2020000,0.0,0.0
33.753741232231185,33.753741232231185,33.16011675052222,33.588077545166016,1859900,0.0,0.0
33.49833231279488,33.8089499818064,33.401696289798885,33.56735992431641,1633200,0.0,0.0
33.24296619553837,33.36031192255893,32.86332321166992,32.86332321166992,2828600,0.0,0.0
32.973752556254986,33.07038862885406,32.56649865520496,32.683841705322266,2264000,0.0,0.0
32.10403884433425,32.4629748902938,31.64846667698882,31.9107666015625,5079900,0.0,0.0
31.696766371492792,32.13163129889046,31.579423330127312,32.055702209472656,3356300,0.0,0.0
31.710565861126472,32.1316251799797,31.33782719890252,31.814105987548828,3910100,0.0,0.0
31.434468838538102,31.876235208018514,31.434468838538102,31.544910430908203,3974500,0.0,0.0
31.0617281841338,31.344734935597163,30.999604622440113,31.054826736450195,3966700,0.0,0.0
31.17907068259471,31.848624321038262,31.158363706769947,31.731281280517575,2831700,0.0,0.0
31.731272418173752,31.77268635825662,31.206673023291373,31.37923812866211,2526600,0.0,0.0
31.70367352327621,32.46295922473325,31.682966545296555,31.92455673217773,3192200,0.0,0.0
32.083321459192206,32.24208112618252,31.765802125211593,31.93146324157715,1833300,0.0,0.0
31.94526207142079,32.33180898373704,31.931456542430702,32.02809524536133,1859000,0.0,0.0
31.96597380394518,32.145440426461704,31.24119796608673,31.26190757751465,3061600,0.0,0.0
31.0824342543022,31.29641599015096,30.64066788763983,31.15836334228516,4186900,0.0,0.0
31.220482632134896,31.669153018050185,31.06172303040015,31.4827823638916,4127400,0.0,0.0
31.77960079304913,32.07641308165981,31.372346906336947,31.44137191772461,5001900,0.0,0.0
31.55871778341538,31.71747741705389,31.22739298715213,31.69676780700684,2237900,0.0,0.0
31.47588512674471,31.92455561019625,31.399958665775863,31.703672409057614,3174300,0.0,0.0
31.9659654709223,32.918523087950746,31.86242534018077,32.856399536132805,3463500,0.0,0.0
32.683842938386285,33.160124504358265,32.683842938386285,33.022071838378906,3215500,0.0,0.0
33.091081139491145,33.32576977025921,32.9254201254986,33.21532821655273,2364700,0.0,0.0
33.222233880519056,33.270551898000996,32.7252455485511,33.17391586303711,2694000,0.0,0.0
32.856414920391444,32.89093006888948,32.552701098816165,32.704559326171875,2726400,0.0,0.0
32.400825473405675,32.400825473405675,31.972864719817878,32.04879379272461,2520600,0.0,0.0
32.20066048173132,32.51127566874527,32.17995087163108,32.366321563720696,3304600,0.0,0.0
32.45605316101094,32.614812780261396,32.228265903085195,32.345611572265625,1908900,0.0,0.0
32.54578635426065,32.697641886448245,32.317999106276666,32.573394775390625,1733900,0.0,0.0
32.683840626184484,32.97375146754507,32.67693917828476,32.73215866088867,1782900,0.0,0.0
32.79426177697841,32.8563853018828,32.407717740358876,32.44223022460937,2332700,0.0,0.0
32.407744149922124,32.56650381335705,32.21446934097601,32.26969146728516,1886300,0.0,0.0
32.262790416871894,32.33181544247565,32.05571007378874,32.090225219726555,1940200,0.0,0.0
32.28348040108598,32.366310914828475,31.765785082209945,31.77959060668945,3108600,0.0,0.0
31.751996479417553,31.821021505466252,31.09624819941108,31.137664794921875,4255500,0.0,0.0
31.220484339879466,31.386148030349325,31.116946837328943,31.29641342163086,4298100,0.0,0.0
31.544910788929855,31.544910788929855,31.130752837990002,31.23429298400879,3047900,0.0,0.0
31.434479486232213,32.393941638655704,31.434479486232213,32.290401458740234,4314700,0.0,0.0
32.290403217149084,32.380137869086674,32.04881296170515,32.235183715820305,2697600,0.0,0.0
32.048809194102695,32.28349797171703,31.91075650730555,32.03500366210937,2763600,0.0,0.0
31.82791245347976,32.22136073249155,31.71747087749636,32.13162612915039,2529000,0.0,0.0
32.17304930349436,32.75286835456193,32.17304930349436,32.58030319213867,4890600,0.0,0.0
32.64242667251539,32.87021131710156,32.64242667251539,32.73215866088867,3373200,0.0,0.0
33.125594850803026,33.167008785966644,32.808073093454674,32.939224243164055,2919000,0.0,0.0
33.1739311618324,33.58118509208923,33.1739311618324,33.512157440185554,2347700,0.0,0.0
33.13251629923218,33.574282761920216,33.13251629923218,33.456939697265625,2880200,0.0,0.0
33.622589907943244,33.68471346119701,33.26365411504761,33.601882934570305,2176000,0.0,0.0
33.574264889375115,33.94700613127321,33.42240676123862,33.746829986572266,4120700,0.0,0.0
33.684731245884,33.753758915463585,33.16703557315073,33.47765350341797,4318700,0.0,0.0
33.58809750598763,33.8572988534571,33.4293378044835,33.753761291503906,2018000,0.0,0.0
33.76065043561685,33.767551883976665,33.09800080138038,33.236053466796875,2332900,0.0,0.0
33.249855129253014,33.53976597917947,33.00136350049025,33.097999572753906,1654600,0.0,0.0
33.09798380527113,33.10488525008699,32.808073093454674,32.939224243164055,1149800,0.0,0.0
32.93922560416626,32.95993257260365,32.580289896823565,32.64931488037109,2104800,0.0,0.0
32.732155650216306,33.36719675713093,32.732155650216306,33.263656616210945,1708500,0.0,0.0
33.270573756012915,33.80207493063297,33.06349602602572,33.22225570678711,3820700,0.0,0.0
33.30508445422152,33.712338441992365,33.0703956708767,33.67782592773437,2337200,0.0,0.0
33.539773965801395,33.58119056369188,33.070396388920344,33.27057266235352,1512900,0.0,0.0
33.15322000016914,33.546668381656126,33.02207141738533,33.063488006591804,2143000,0.0,0.0
33.27903684890734,33.43896503828683,33.07043497808701,33.29989624023437,1360900,0.35,0.0
32.973085977584745,33.105202533433584,32.80620553679865,33.000900268554695,2452800,0.0,0.0
33.181701335036045,34.24557311288448,33.09825843489753,34.1968994140625,4368100,0.0,0.0
34.00914659657121,34.4193981145422,33.772730422613094,34.36376953125,3989300,0.0,0.0
34.440264588500746,34.836609042143586,34.322057803474856,34.68363571166992,3086200,0.0,0.0
34.71143287884971,34.906130226682905,34.55845961217913,34.57931900024414,2356000,0.0,0.0
34.72535038741018,34.89918574655274,34.32205373350834,34.468074798583984,2201700,0.0,0.0
34.725352533876865,34.78098112544923,34.46112468145986,34.73230743408203,1073900,0.0,0.0
35.705775040195654,35.705775040195654,34.836598406768154,35.031295776367195,2340100,0.0,0.0
34.76705529873726,35.07995932692906,34.614079406617755,35.059097290039055,2136300,0.0,0.0
35.18427928506567,35.22600073050086,34.78793483724213,35.07302474975586,2114900,0.0,0.0
35.24685485603104,35.29552854216793,34.89223190667415,35.14255523681641,1801900,0.0,0.0
35.25380644114106,35.45545606618857,35.031297424715106,35.27466583251953,2571800,0.0,0.0
35.46240852372774,36.05344760478318,35.46240852372774,35.64319610595703,4301200,0.0,0.0
35.024352554362714,35.30249023079212,34.83661002065049,34.89223861694336,3083400,0.0,0.0
34.70449419742509,34.850515275983035,34.023059844970696,34.023059844970696,3708500,0.0,0.0
34.07867618392956,34.14125700746734,33.79358635503889,34.07172393798828,3314900,0.0,0.0
34.07173042534656,34.377679702831266,33.86312852467438,34.016101837158196,3480400,0.0,0.0
34.0160922634747,35.219034945572574,34.0160922634747,34.558460235595696,4712500,0.0,0.0
34.50980033191368,34.6975428603525,34.35682434892263,34.68363571166992,3475900,0.0,0.0
34.600179007991855,34.69752900991012,34.426343697626606,34.614086151123054,2893700,0.0,0.0
34.61409192623002,34.66972050803595,34.433304340394265,34.565418243408196,3796400,0.0,0.0
34.50283299049596,34.72534198415165,34.24555746392841,34.53064727783203,4882700,0.0,0.0
33.870076885934616,35.0869242615134,33.870076885934616,34.565418243408196,5301600,0.0,0.0
34.53760550664979,34.72534799991783,34.2942370815895,34.342910766601555,3453200,0.0,0.0
33.870074190025804,33.883981334370354,33.26512799987954,33.605846405029304,6001900,0.0,0.0
33.445914211874985,34.29423141479492,33.376381145495124,34.29423141479492,18724800,0.0,0.0
33.79358736849535,34.11344639423457,33.536311820687345,33.71710205078125,5166000,0.0,0.0
33.92570247204067,33.95351676048759,33.661472036828016,33.89788818359375,3134900,0.0,0.0
33.29294157383985,33.75186671729118,33.279034429793874,33.72405242919922,5002500,0.0,0.0
33.68234108998837,33.967430997067005,33.50850571609853,33.751876831054695,7017900,0.0,0.0
33.425064634131715,33.96743013814791,33.369438695202554,33.91180419921875,4480200,0.0,0.0
33.44593186185798,33.724069579188324,33.28600360277428,33.362491607666016,4492000,0.0,0.0
33.40419360283644,33.557166870994024,33.0426158419358,33.146915435791016,2206400,0.0,0.0
33.48068690640859,33.58498651690915,33.313803816084274,33.418106079101555,2893800,0.0,0.0
33.452871897867674,33.4945906801657,33.27208166618726,33.48068618774414,2209400,0.0,0.0
33.543267070732675,33.543267070732675,32.95918024491713,32.98699188232422,2928600,0.0,0.0
32.451594447584206,32.81317243408462,32.26385453100478,32.555896759033196,4090400,0.0,0.0
32.159541749974146,32.52807186608729,32.020472930822194,32.395957946777344,4233200,0.0,0.0
32.28470881931755,32.59761305159152,32.13173282742416,32.58370590209961,2650200,0.0,0.0
33.1677926407696,33.272092282310226,32.82707411236146,33.18865203857422,3285400,0.0,0.0
33.091299606616005,33.181694737534016,32.94527853918338,33.174739837646484,2286000,0.0,0.0
32.98005083701423,33.22341932520991,32.694960899763196,33.12607192993164,3542200,0.0,0.0
33.042626665903626,33.105207503723264,32.77839616705217,33.056533813476555,2942200,0.0,0.0
33.05652441023026,33.11910523024817,32.88964133934368,32.96612930297852,1856700,0.0,0.0
32.97309547780272,33.16779291817183,32.31947536678854,32.58370590209961,3463900,0.0,0.0
32.57674204004436,32.736672888949485,32.30555933084172,32.61151123046875,1900100,0.0,0.0
32.201258196850745,32.28469841439296,31.79795894911611,31.825773239135746,3669100,0.0,0.0
31.86749418841195,31.895305825490965,31.290359615626844,31.756237030029297,4037500,0.0,0.0
30.80362064608819,31.4433360543464,30.74799471853169,31.32512664794922,7189700,0.0,0.0
31.220815424856447,31.339022134763713,30.74102838401573,30.817516326904297,5352600,0.0,0.0
30.734072712549946,31.311204362904807,30.62977050160471,31.13041687011719,4485900,0.0,0.0
31.29035811405712,31.5198220134348,30.747992755552087,30.81057357788086,3899500,0.0,0.0
30.73409092231113,31.25559698099565,30.553300669890987,31.151294708251953,5730400,0.0,0.0
31.28340792911256,31.359893248093897,30.998318086948675,31.22082710266113,4536700,0.0,0.0
31.151284710178707,31.151284710178707,30.29601536673871,30.323829650878906,3584900,0.0,0.0
30.39336218180513,30.93573010307175,30.05959873545741,30.90096092224121,6804300,0.0,0.0
30.65760831360817,31.89531539425061,30.504632327455077,31.69366836547852,5251500,0.0,0.0
31.888363751447844,32.569798148813085,31.888363751447844,32.548938751220696,3707400,0.0,0.0
31.18606730287262,33.05653776077002,31.151300756047373,32.959190368652344,4662400,0.0,0.0
32.681038081035155,33.202544007860176,32.34031970840229,33.146915435791016,4882600,0.0,0.0
33.29988568806586,33.327699969365824,32.24296687131017,32.35422134399414,3055800,0.0,0.0
31.930067473766762,32.096950533279696,30.89401054382324,30.89401054382324,4803500,0.0,0.0
30.21258385699368,30.789715830066644,29.718892107825393,29.97616767883301,5848600,0.0,0.0
29.49638067472236,30.26821004684319,28.995736674508592,30.240398406982425,6546900,0.0,0.0
30.810587392312268,31.464207544405703,30.024850638001155,31.359905242919922,5635500,0.0,0.0
31.29037149995305,31.39467379929329,30.796679608446922,30.96356010437012,2847500,0.0,0.0
30.75495370453388,31.07481015249913,30.58111833248529,30.97746276855469,2687800,0.0,0.0
31.42599602998302,31.74838517702229,31.3418950945642,31.62223243713379,2764600,0.35,0.0
31.93061645044301,32.070783826498534,31.489081730008394,31.63625907897949,4095600,0.0,0.0
31.90257943564967,32.16189226949974,31.566172946825517,32.13385772705078,1865700,0.0,0.0
31.90959063130438,32.40719446321692,31.89557335836811,32.028736114501946,2368200,0.0,0.0
31.8885629340108,31.8885629340108,31.145663582311283,31.166690826416016,3262100,0.0,0.0
31.468054995077036,31.678308718228052,31.13865580224372,31.594207763671875,2290400,0.0,0.0
31.22977305380353,31.783440679740227,31.173703957063683,31.538145065307614,1611900,0.0,0.0
31.909593075431147,32.11984951205843,31.67831473807145,31.951644897460934,1803500,0.0,0.0
32.37915621392148,32.547358122875444,32.23898617411241,32.43522262573242,2511100,0.0,0.0
32.1689032508769,32.3160805930686,32.09180959348472,32.27402877807617,2354300,0.0,0.0
32.06377641229539,32.44924204211053,31.888564519332032,32.351123809814446,2581000,0.0,0.0
31.98668994370884,32.063783621710336,31.201741235326327,31.34191131591797,3555000,0.0,0.0
31.30685930463057,31.376945664928517,30.57797987218085,30.97746276855469,2684500,0.0,0.0
31.21574839228393,31.671297664639987,31.21574839228393,31.52412033081055,2144900,0.0,0.0
31.433012650070147,31.601217244316413,31.1736997960651,31.25079345703125,1998500,0.0,0.0
31.390958233329496,31.73437199000745,31.25779550547729,31.503093719482425,2239300,0.0,0.0
30.81627250975743,31.47506834863093,30.80926253597529,31.215755462646484,3018300,0.0,0.0
30.977456336262875,31.25779369868039,30.844293616107894,31.10360908508301,2346100,0.0,0.0
31.27883670067783,32.92582788955749,31.201743018271014,32.729591369628906,4819700,0.0,0.0
32.66650916596077,33.23419404743946,32.456255407134535,33.15009307861328,4789300,0.0,0.0
33.68974150603195,34.96528383282516,33.668716935064104,34.012130737304695,9692000,0.0,0.0
35.21757503387957,35.252616862393324,34.01211688366113,34.488693237304695,4375200,0.0,0.0
34.64289406936508,35.182546995259884,34.28546032727521,34.47468948364258,3117800,0.0,0.0
34.117252678141625,34.27844726419628,33.94204082284036,34.089218139648445,3361000,0.0,0.0
34.38358236457306,34.544776983059194,34.04016588273997,34.25041961669922,1957400,0.0,0.0
34.38358129479312,34.621869565472046,34.28546039337845,34.40460586547852,1623000,0.0,0.0
34.72699562791355,34.77605474261678,33.829911617887355,33.942047119140625,2779200,0.0,0.0
34.00512012924817,34.80408583053686,33.85093282776405,34.64989852905273,2375500,0.0,0.0
34.76905143692673,35.15451709966326,34.748026863502304,35.049388885498054,2166200,0.0,0.0
35.37176930523086,35.462877542738255,34.88117558814526,35.01433563232422,3130100,0.0,0.0
35.18254751651577,35.525961318568726,34.97229378638847,35.04237747192383,1874900,0.0,0.0
35.175532855988195,35.75022755605618,35.08442461163851,35.603050231933594,2494600,0.0,0.0
35.33673126877313,35.673140436723436,35.28066485646218,35.56801223754883,1298900,0.0,0.0
35.44887071051042,35.98151367739332,35.3227179363895,35.97450637817383,3068300,0.0,0.0
36.24082974409218,36.5141598877934,35.764253149195156,35.771263122558594,3159200,0.0,0.0
35.855357628916,36.002534960776245,35.070409185473764,35.217586517333984,3376000,0.0,0.0
35.25964040560232,35.589036928658864,35.056393979053446,35.20357131958008,1654600,0.0,0.0
35.252626076197174,35.3717715325086,34.41861857610061,34.5657958984375,3910000,0.0,0.0
34.341531769814004,34.341531769814004,33.82290337898169,33.956066131591804,3852100,0.0,0.0
34.13828451609806,34.495718274211264,33.67572522652669,34.15230178833008,3184900,0.0,0.0
33.95605716508505,34.08921720901127,33.68973440371196,33.80887985229492,2889800,0.0,0.0
33.444450518638675,33.59162788263586,33.03795760071703,33.11505126953125,3951500,0.0,0.0
33.29024711957732,34.03314622829203,33.15007712331714,34.005111694335945,5978500,0.0,0.0
34.6849343944306,34.6849343944306,33.83690712121593,34.0751953125,3753000,0.0,0.0
33.914012403476164,33.92802967525189,33.19914758404099,33.57059860229492,3754900,0.0,0.0
33.367340778702534,33.703747165892075,33.058966251971874,33.24118804931641,3958700,0.0,0.0
33.50751418947256,33.52153145789051,33.058969620659774,33.409393310546875,1823800,0.0,0.0
33.6056463025393,33.759830971904805,33.43744168543313,33.591629028320305,1399000,0.0,0.0
33.73879980314933,33.815893459525114,33.416410579688055,33.437435150146484,2374100,0.0,0.0
33.68974723455247,33.815900028852724,33.31829882551377,33.626670837402344,3502700,0.0,0.0
33.38837945316421,33.55658405460648,32.73659096704777,32.799667358398445,2981500,0.0,0.0
32.98888187291176,33.05896553281489,32.03572912651587,32.30905914306641,5496200,0.0,0.0
32.2249690851549,32.400180967527554,31.741385252274014,32.00069808959961,3674800,0.0,0.0
32.14087058576726,32.37214889793784,31.741387677318784,31.923606872558594,3491300,0.0,0.0
31.783439973775554,32.18993289554547,31.278831481933594,31.278831481933594,4533700,0.0,0.0
31.538136112892552,31.762407089147004,30.998483240804987,31.390958786010746,6107700,0.0,0.0
31.040534833553235,31.18771215940202,30.73917021004139,30.760194778442386,4858700,0.0,0.0
30.48687469862123,31.62925718878785,30.48687469862123,30.998493194580078,4897200,0.0,0.0
31.320870468094483,31.783429661761627,31.21574495843239,31.75539779663086,3882600,0.0,0.0
32.02172131084384,32.26000956777212,31.376942894167943,31.468053817749023,4599600,0.0,0.0
30.93541286736945,31.56617678149075,30.858319203030018,31.32788848876953,4140600,0.0,0.0
31.33488758288313,31.531126678955246,31.019505708410744,31.47505760192871,3739900,0.0,0.0
30.655064998230664,31.03352054440297,30.367717684801764,30.767200469970703,4908500,0.0,0.0
31.050130604483012,31.14915108698959,30.41356650536105,30.77428436279297,3505600,0.4,0.0
30.27210053598124,30.43477739088592,29.748705906827947,29.946746826171875,3935600,0.0,0.0
30.555031123709178,30.555031123709178,30.02456184273543,30.22260284423828,2314400,0.0,0.0
30.307456760132805,30.625738653959502,29.86893653869629,29.86893653869629,3309000,0.0,0.0
30.081119193467675,31.04303646686032,29.918442404306283,30.92279815673828,5146900,0.0,0.0
31.17743145441095,31.828138774261113,31.09962890571044,31.68667984008789,4148200,0.0,0.0
31.467427109269533,31.76448849989002,31.064268124976298,31.55230140686035,4078200,0.0,0.0
31.934241686881524,32.386908231682746,31.672541648457646,31.913021087646484,4413900,0.0,0.0
31.68668883191963,31.934242711498094,31.61596069381464,31.792783737182614,2615000,0.0,0.0
31.2623151986523,31.474502315087964,31.120856221660013,31.325971603393555,1926400,0.0,0.0
31.304730408780284,31.333022725187327,31.000597450767888,31.18449211120605,2972000,0.0,0.0
31.354260015353088,32.13228024430609,31.354260015353088,32.012039184570305,3581100,0.0,0.0
31.785699862320808,32.132274111535914,31.74326407130591,31.82813835144043,2829600,0.0,0.0
32.266661151621214,32.37982776673811,32.054474085540164,32.210079193115234,4883600,0.0,0.0
32.53543644483708,32.676895403783504,31.099634352078162,31.212800979614254,4943600,0.0,0.0
32.14642761431159,32.23130191382478,31.262312458242,31.55937385559082,3897600,0.0,0.0
31.34011512351233,31.750343154220705,31.34011512351233,31.679615020751953,3094100,0.0,0.0
31.49572033299423,32.24545102513351,31.46743069597631,31.842294692993164,5507600,0.0,0.0
31.976668502066612,32.09690953691989,31.092553562075143,31.15620994567871,4551400,0.0,0.0
31.509868542969016,31.757422444187274,30.93696355916415,31.474504470825195,3292100,0.0,0.0
31.828149051989538,31.849366954630398,31.120856850834212,31.29767990112305,3458400,0.0,0.0
31.693765626937388,31.898878321972443,30.809650344198623,31.1279296875,5399700,0.0,0.0
31.856442377521034,32.15350381614675,31.439139857947477,32.06155776977539,4131300,0.0,0.0
31.955457765888212,32.500073014705784,31.955457765888212,32.393978118896484,1000600,0.0,0.0
32.22422460985683,32.500068059174765,31.84935801376655,32.11812973022461,1411600,0.0,0.0
31.700844737420386,31.983762772961622,31.42500113672617,31.467439651489254,1572300,0.0,0.0
31.432060345343533,31.700832102170597,31.34718604775271,31.55230140686035,1267100,0.0,0.0
31.509875468146003,31.73620881733645,31.1915933526887,31.467439651489254,1365600,0.0,0.0
31.382547806561828,31.55229908736988,30.83086086561954,30.88037109375,2719100,0.0,0.0
30.597451701767522,30.78134913852974,30.286244183230213,30.378192901611328,2843900,0.0,0.0
30.11650782708561,30.11650782708561,29.345559101973148,29.501161575317386,4874400,0.0,0.0
29.38091888858037,29.66383415215353,28.89288553958973,29.161657333374023,5231000,0.0,0.0
29.84065198194064,29.932600708112236,28.64532933413058,28.73020362854004,4495500,0.0,0.0
28.36241738112649,28.546314872108002,27.676345751834464,28.47558403015137,7048700,0.0,0.0
28.100717672321373,28.878740680454847,27.93804079651937,28.617040634155273,5794300,0.0,0.0
28.81508912818192,28.963619861775737,27.846096746684772,27.980484008789066,4195900,0.0,0.0
28.178515356896558,28.31289987496892,27.782430837902428,27.895597457885746,3609100,0.0,0.0
27.400491388951693,27.789501422665353,27.13879142425488,27.57731437683105,5621100,0.0,0.0
27.669269347107488,28.348271890982485,27.42171816316204,27.959259033203125,7414900,0.0,0.0
28.284611236177074,28.284611236177074,26.912462885356746,26.96904754638672,5012900,0.0,0.0
27.60560840789645,27.76828525892264,26.62247287015712,27.060993194580078,6572800,0.0,0.0
26.60125718437645,28.390705392620067,26.60125718437645,28.17851829528809,8791100,0.0,0.0
27.372199337445053,29.93966990263276,27.1246455330722,29.88308525085449,8689900,0.0,0.0
29.989198384449946,30.37820865892924,29.755790600898557,30.27918815612793,6055600,0.0,0.0
30.279177198448743,30.34283359837114,29.19701839976816,29.28896713256836,5394300,0.0,0.0
29.706275039754487,30.533805692199692,29.430431488939423,30.50551605224609,4553100,0.0,0.0
29.564804702080217,30.059909635700965,29.055556302963158,29.53651237487793,6460300,0.0,0.0
29.748710461243572,30.21552319838237,29.24653095614583,29.59310531616211,4159100,0.0,0.0
29.635541989549186,31.750343994644,29.571885588500205,31.403772354125977,6677000,0.0,0.0
31.403762142545684,31.983741297686272,31.198646839406944,31.67253112792969,4671000,0.0,0.0
31.55229851821265,31.594734314070376,29.66382735749803,29.72748374938965,7633100,0.0,0.0
29.60725028424272,29.706270755062715,28.673624847789178,28.80093765258789,7376600,0.0,0.0
29.430421367113208,29.515295653995427,28.694837019187517,28.71605491638184,5480300,0.0,0.0
28.815083354399878,29.23238583047991,28.716060187072987,28.89995765686035,5181300,0.0,0.0
28.80093520152877,29.31725811122467,28.50387111624448,28.864591598510746,3322300,0.0,0.0
28.808014520443876,29.310191396576176,28.581681204493947,29.26068115234375,2868500,0.0,0.0
29.288969329020706,30.236740966660122,29.288969329020706,29.96089744567871,4041400,0.0,0.0
30.279166486363426,30.45598945713571,29.92552054481886,30.18014335632324,3358700,0.0,0.0
30.25088041170559,30.420628987769465,29.706265225466108,29.75577545166016,4436300,0.0,0.0
29.656769028303213,29.685061370399108,28.93533049349532,29.246538162231445,4922600,0.0,0.0
29.861886079812074,29.98919892803755,29.345562950056056,29.62140655517578,5418600,0.0,0.0
29.271473094234942,29.9070327946793,29.13578997338297,29.76420974731445,4766400,0.4,0.0
29.64280923696792,29.885607600524448,28.97868710560171,29.18577766418457,4003000,0.0,0.0
29.392870125876428,29.885606765747074,28.97154364571237,29.88560676574707,2823500,0.0,0.0
29.921319623671685,30.17125794898431,29.464285262334627,30.07842254638672,3323200,0.0,0.0
29.878470654116587,30.57116073302528,29.81420041252585,30.34978485107422,3030800,0.0,0.0
30.149841177767392,30.66400050538097,30.05700575750945,30.24267387390137,3049500,0.0,0.0
29.771354288756275,29.81420202684457,28.957266333942908,28.99297142028809,3445400,0.0,0.0
28.98583316278,28.98583316278,27.9360866741817,28.10033226013184,4541600,0.0,0.0
28.121753472571548,28.40025693607264,27.771837118350163,28.186023712158203,3439300,0.0,0.0
27.978932966577894,28.75017318782184,27.93608522823855,28.600210189819336,4775900,0.0,0.0
28.543087467078234,29.007259119743786,28.07891309028871,28.39312171936035,4042600,0.0,0.0
28.50022774792555,28.535932825572658,27.50761187907265,27.52189445495605,4624000,0.0,0.0
27.778987150614054,28.028925524237927,27.29339026118141,27.43621063232422,4386300,0.0,0.0
27.571895505762026,27.679010790751033,26.800652378045317,27.00774574279785,4434200,0.0,0.0
27.664731962439,27.971797970143637,27.25768514712287,27.82897758483887,4814900,0.0,0.0
27.850383806159016,28.064616982920327,27.379069727635077,27.457622528076172,5633700,0.0,0.0
27.300524392839684,28.271717965472607,26.71495227830337,28.014636993408203,6134800,0.0,0.0
27.757566442941513,27.87182439296577,26.686397139917467,27.029170989990234,6170200,0.0,0.0
26.33647508104737,26.643543735985556,25.7794653661632,26.05082893371582,6012100,0.0,0.0
26.62212242768129,27.486200924846905,26.38646663690808,27.40764808654785,4098200,0.0,0.0
26.986322514420614,27.80041064487776,26.79351173760855,26.85063934326172,4874600,0.0,0.0
27.336229388224766,29.20720635693565,27.336229388224766,29.200063705444336,9075800,0.0,0.0
29.37859810016109,30.94250676615477,29.37859810016109,30.24267387390137,5558300,0.0,0.0
30.099846590335808,30.442620304729967,29.807060539033102,30.07128143310547,3831500,0.0,0.0
29.73565062045488,29.942743944905715,29.3571717837247,29.42144203186035,4451900,0.0,0.0
29.778497217280307,29.985590533780073,29.064384587245407,29.11437225341797,3207700,0.0,0.0
29.107238641198755,29.22863924255127,28.27886784206305,28.35028076171875,3428100,0.0,0.0
28.45025393617218,29.14294422085353,28.264585807601208,28.907285690307614,4301700,0.0,0.0
29.321459728367056,30.84251736594068,29.321459728367056,30.806812286376953,5813700,0.0,0.0
30.79253994017308,31.09246870122652,30.292660487833245,30.449766159057614,3102000,0.0,0.0
29.79992130282001,30.099850039864663,29.342889631250657,30.06414222717285,3430700,0.0,0.0
29.74278950104581,30.021292966277198,29.628531599306697,29.749929428100586,3481800,0.0,0.0
29.992735382928032,30.16412364087358,29.721371776232548,30.02844047546387,3885400,0.0,0.0
29.56427333215836,29.82135167208963,29.49286041207382,29.671388626098636,3654500,0.0,0.0
29.621388625143446,29.707081369482594,28.478809620210747,28.578784942626953,4343200,0.0,0.0
28.64306210812804,29.15008149391224,28.457391272352158,28.75017738342285,3241100,0.0,0.0
28.60021688667005,28.700192242081336,28.207455394358245,28.364561080932614,2288100,0.0,0.0
28.643067866577862,28.643067866577862,28.278868774634226,28.42169189453125,2266700,0.0,0.0
28.471673342377645,28.493098576350803,27.679007788466745,28.03606414794922,3169400,0.0,0.0
28.500234265428933,29.164359213205625,28.500234265428933,29.14293670654297,2932100,0.0,0.0
29.064394281645054,29.649966615660873,29.00012401453969,29.56427383422852,2677700,0.0,0.0
30.114134313710103,30.556886194102407,30.085571873139664,30.33551025390625,4504900,0.0,0.0
30.057000403043414,30.156975734377077,29.385735518286342,29.45714569091797,2751800,0.0,0.0
29.26433446255793,29.26433446255793,28.57164435838921,28.79302024841309,3703400,0.0,0.0
28.057487258516424,28.42882617116993,27.814688843478514,28.12175750732422,4905600,0.0,0.0
27.600455849547142,28.68590471325091,27.529042947906326,28.38597869873047,5062400,0.0,0.0
27.83611712845356,28.271726380315553,27.59331866302839,28.17175102233887,4702100,0.0,0.0
28.193169116307946,28.457390052995663,28.086053845602866,28.22887420654297,3077600,0.0,0.0
28.028921176978713,28.543083150543453,28.00035601753099,28.35741233825684,3568600,0.0,0.0
28.57879018749173,29.22863262658133,28.328849111458048,28.68590545654297,4192600,0.0,0.0
28.485961393938865,29.97131744220498,28.421691127924962,29.671388626098636,4105800,0.0,0.0
30.349796222030673,30.49975926722027,29.707093565326165,29.949892044067386,3966600,0.0,0.0
29.849910461093287,29.899898132407746,29.200068009881548,29.257198333740234,2737200,0.0,0.0
29.20006040409433,29.20006040409433,28.593065853881463,28.95726203918457,3691000,0.0,0.0
28.95727703503863,29.45001667071272,28.41455243930824,28.478822708129886,3107900,0.0,0.0
28.907282230170512,29.135798079885394,28.64306128971089,28.89299964904785,2835600,0.0,0.0
28.52166404338287,28.67876972995724,28.23602055993979,28.364561080932614,3017400,0.0,0.0
28.671628354485502,29.107234849074413,28.5502277689492,29.078672409057614,2192300,0.0,0.0
28.892992133459977,29.08580284227659,28.450243130319873,28.50023078918457,2908600,0.0,0.0
28.21459139372852,28.500237561508552,28.086053614763628,28.29314422607422,4791000,0.0,0.0
28.193170453961176,28.893000607442175,28.12890019883925,28.821590423583984,4986200,0.0,0.0
28.821588833407997,28.92156417494307,28.171746389306325,28.3145694732666,4581500,0.0,0.0
28.28599547293852,28.76444952195743,28.13603250749584,28.56449890136719,4061700,0.0,0.0
28.00034941519019,28.19316010981318,27.89323417870379,28.00749206542969,5431400,0.0,0.0
27.43032958867509,27.603481099051567,26.92529930438869,27.004661560058594,8856400,0.4,0.0
26.925292454550508,27.704482309598408,26.88200321187243,27.37981986999512,5557200,0.0,0.0
27.17780971056857,27.17780971056857,26.63670649119729,26.687211990356445,4380000,0.0,0.0
26.961372913525643,27.567408717878237,26.84593765327723,27.47361946105957,3603100,0.0,0.0
27.84155718387021,28.19507907289023,27.690048982372733,28.014711380004886,4941500,0.0,0.0
27.5890517590272,28.26723349614496,27.430327261155497,28.151798248291016,4436700,0.0,0.0
28.20950654608616,29.003126059592514,28.029138850133705,28.90212059020996,5540300,0.0,0.0
28.462024104155468,28.570243074717077,28.115718444411396,28.33937263488769,5721900,0.0,0.0
28.137373606345786,28.238379122530365,27.264394213957488,27.58184051513672,5944900,0.0,0.0
27.66119445140285,28.35380585576077,27.552972715387448,27.83434867858887,5261100,0.0,0.0
27.978637268443972,28.541386374497534,27.827129058126484,28.389875411987305,2854400,0.0,0.0
27.762197746895794,27.827130232943603,26.83871594727621,26.86035919189453,5042500,0.0,0.0
26.88922045594479,27.134520669137736,26.38419028146601,26.65834999084473,2775200,0.0,0.0
26.413056096751745,27.141740660519233,26.369766842116505,27.03352165222168,3544900,0.0,0.0
26.73049002217066,26.845925228995714,26.11724100194864,26.124454498291016,5107300,0.0,0.0
26.434691632927127,26.78821356212088,26.21825092730721,26.44190788269043,3858300,0.0,0.0
26.809860732361148,26.85314998070044,26.37697925774145,26.687211990356445,2369700,0.0,0.0
26.319258855974088,26.420264344517733,25.94409364695972,26.13167762756348,4802700,0.0,0.0
26.124462669230727,26.124462669230727,25.61943244934082,25.61943244934082,5728700,0.0,0.0
25.186544366095585,25.453487779273924,24.78251974578284,25.229833602905273,12724300,0.0,0.0
24.674304453617353,26.73771159464341,24.43621774402528,26.57898712158203,12320800,0.0,0.0
25.821438963742036,26.037879639650694,25.31640888516017,25.59056854248047,9554100,0.0,0.0
25.128828541222795,25.410201704543137,24.782520145544186,24.81859588623047,5322500,0.0,0.0
24.62380613475568,25.107190386336132,24.45786813411493,24.876319885253906,5797200,0.0,0.0
25.02061048371917,26.14610605383761,24.984537489948515,25.63385963439941,5888300,0.0,0.0
25.035041501160997,25.208192980917648,24.125986599762513,24.147632598876953,6652000,0.0,0.0
23.996117686185737,24.068266417769397,23.3972983511012,23.75803375244141,6008300,0.0,0.0
24.03220057411268,24.205352077015128,23.635389312891412,23.77968406677246,5992900,0.0,0.0
22.964417942013274,23.54159546882246,22.798479970695443,23.303508758544922,6761800,0.0,0.0
23.52717147419314,23.736398740049705,23.195295450402924,23.25301170349121,6145200,0.0,0.0
23.642596907059694,23.721959130243807,22.95719914124259,23.007701873779297,3738700,0.0,0.0
22.964416745520463,23.563237486721288,22.87783963937615,23.339580535888672,6959000,0.0,0.0
23.642602121500797,24.81138422857378,23.49109389047511,24.717592239379886,9455600,0.0,0.0
24.732023350630804,24.782526097088752,23.31072744686769,23.375659942626953,7239100,0.0,0.0
23.245790790814794,23.39008275361745,22.048147958984032,22.27901840209961,10833100,0.0,0.0
21.98321518347657,22.286232980073624,21.406039083337603,21.853351593017575,8431100,0.0,0.0
22.531535795665373,22.531535795665373,21.593624179478716,21.622482299804688,4580900,0.0,0.0
21.8533509931174,22.35837972285127,21.08137608824064,21.82449150085449,7368200,0.0,0.0
21.68020067054021,23.981694674703302,21.651342549210614,23.96004867553711,10548800,0.0,0.0
24.140418791684734,26.74492951961733,23.808542795067783,26.26875877380371,14717300,0.0,0.0
25.58336206908938,26.622282113929444,25.475143065880925,26.4346981048584,7925400,0.0,0.0
26.095594071693515,26.434686183652744,25.439055840409946,25.55449104309082,5682500,0.0,0.0
25.3669126303196,28.75782586221189,25.229834172284217,28.66403388977051,14644500,0.0,0.0
28.66403637601455,29.688526408285323,27.899276288606586,28.78668785095215,10351800,0.0,0.0
28.332168376847342,28.397100881235897,26.975802036394114,27.148956298828125,6715700,0.0,0.0
27.40867876680953,28.08686037413786,27.11287582878205,27.35095977783203,4893600,0.0,0.0
27.055158192735227,27.29324490588393,26.023454606810144,26.06674385070801,7001300,0.0,0.0
26.095598812906122,27.733337940628093,26.095598812906122,27.56739997863769,6471100,0.0,0.0
27.358186735292836,27.848787374200317,26.376988209672092,27.0623836517334,6151500,0.0,0.0
26.463553264864718,27.387035151262225,26.449123516365624,26.6511344909668,6853800,0.0,0.0
27.293248296084595,27.293248296084595,26.081176838318505,26.37697982788086,5322900,0.0,0.0
26.63671164544584,27.213890726214963,26.413057366231932,26.954160690307614,4667200,0.0,0.0
28.101293842457803,29.03199202151319,27.87763685884344,28.98870277404785,7972100,0.0,0.0
28.678475766602663,28.837200286767636,28.108512946186444,28.70011901855469,4501300,0.0,0.0
27.502475571015182,27.740562337837734,26.990231787613087,27.148956298828125,6514800,0.0,0.0
27.596259854395214,28.880477079335932,27.4663948819638,28.78668785095215,5539500,0.0,0.0
28.649611947244395,29.933832162775985,28.599109198834014,29.4504451751709,5306700,0.0,0.0
28.700108664091697,29.342217260816422,28.086859561020237,28.27444076538086,7163200,0.0,0.0
27.42311409775249,27.89207139307003,27.01187580895748,27.192243576049805,6440600,0.0,0.0
26.83871477599671,28.50531059150302,26.730493053242373,28.33937263488769,5618800,0.0,0.0
27.87041819000759,28.822759440026307,27.827128950573016,28.47645378112793,4990300,0.0,0.0
28.130149102119077,28.21672483181128,27.322099784349103,27.56739997863769,4547300,0.0,0.0
27.091237285680965,27.16338604175379,26.21825797865205,26.564563751220703,4807800,0.0,0.0
26.520791252449065,26.790666507438782,25.92998055457652,26.08315277099609,6454800,0.4,0.0
26.07586909899092,26.425978336219732,25.791405517643813,26.26551055908203,4911900,0.0,0.0
26.564560009554057,27.19913555408997,26.41868326050366,27.1772518157959,3587500,0.0,0.0
26.98760223409483,27.169950897838717,26.31656048707884,26.520790100097656,3597800,0.0,0.0
26.23632827786625,26.644787529561054,25.973745740393905,26.258209228515625,2757300,0.0,0.0
26.250924483673945,26.637502902204165,25.90810797974213,26.42597770690918,2735300,0.0,0.0
26.579148379374228,27.556537628173828,26.549974698864578,27.556537628173828,4878400,0.0,0.0
26.717730201046034,27.33771461930029,26.681261020399326,27.03137016296387,4487700,0.0,0.0
27.760754500385733,29.321658219340826,27.760754500385733,28.54120635986328,10544800,0.0,0.0
28.05981311446206,28.68709295951185,28.05981311446206,28.48286056518555,5354200,0.0,0.0
27.760761259733872,27.921226189989373,27.58570532023178,27.644058227539066,6385800,0.0,0.0
27.410657537819944,28.526630675903537,27.279366253054786,28.439104080200195,6916100,0.0,0.0
29.25603062008993,29.70825469038732,28.264053085950536,29.693666458129886,6898400,0.0,0.0
29.846823992770005,30.67104062280088,29.15390138825797,29.190370559692386,10839600,0.0,0.0
29.372729169978093,29.372729169978093,28.264048731025486,28.884033203125,6847800,0.0,0.0
28.504750357861976,29.372729175446967,28.103580988571917,29.35814094543457,6569600,0.0,0.0
29.059079167234348,30.065644431683122,28.679793664943233,29.97811508178711,7468000,0.0,0.0
29.11743163545627,30.809629698608013,28.964259434401466,29.919767379760746,11090800,0.0,0.0
28.94967185569257,30.76586570819698,28.85485255715878,29.88329887390137,8051100,0.0,0.0
29.394614017991422,29.45296694576077,27.848297603573247,28.395343780517575,10353400,0.0,0.0
28.97155173159614,29.029901847358875,27.097008004996823,28.614147186279297,13153800,0.0,0.0
30.59810459141873,30.91903721967308,28.44638992520756,29.00072860717773,8794100,0.0,0.0
29.285203097059693,29.285203097059693,27.01678476468625,27.272071838378906,8086600,0.0,0.0
27.374178016051896,27.94310768712763,27.002188000181214,27.148067474365234,4790000,0.0,0.0
27.228304066845368,27.374180773303213,26.673962565594216,26.900075912475586,4443600,0.0,0.0
27.323121455875874,27.425236256212283,26.13421024347961,26.44784736633301,7367300,0.0,0.0
26.18526979982665,26.382203912451814,25.543401710319124,25.893510818481445,6666900,0.0,0.0
25.36834655818087,25.57257896447587,23.749092230105887,24.23778533935547,8058000,0.0,0.0
25.018241310440718,25.849750944795566,24.463902481677607,25.78410530090332,8592300,0.0,0.0
25.587157989487356,26.38949075107277,25.25163443639953,26.23631858825684,6491400,0.0,0.0
25.66739638374333,26.16338496161062,24.989059145848948,25.29540634155273,6684500,0.0,0.0
25.368347564842214,25.455876934907657,23.85120798850195,23.88038444519043,9072300,0.0,0.0
23.253107944535195,23.74180256520767,21.881846195107645,22.57477188110352,12216600,0.0,0.0
23.165577009373713,23.165577009373713,21.44420498521511,21.58279037475586,8965500,0.0,0.0
21.1889165490748,22.29759688298068,20.75857354303515,21.58279037475586,12289100,0.0,0.0
22.253832723733048,22.253832723733048,20.306348796350022,20.36470031738281,10718000,0.0,0.0
19.219551860721904,21.10868436665336,17.56382545122506,20.437641143798828,21257700,0.0,0.0
20.90445041369832,22.611233994237555,20.42305005931134,22.58935165405273,9041700,0.0,0.0
23.143696864996876,23.457336854231585,21.466089367354225,22.13713264465332,10126000,0.0,0.0
21.44420502926071,21.998545197352247,20.196940694462302,20.29176139831543,8065800,0.0,0.0
20.371998239263295,21.480678737326254,18.89132620338144,21.38585662841797,10317400,0.0,0.0
20.743986705617743,22.14442465602253,20.707516134049094,21.58279037475586,7026300,0.0,0.0
21.61196916079973,21.99854893870781,21.15245100961984,21.932903289794922,5659000,0.0,0.0
21.925610707558203,22.55289077827792,21.58279559909136,21.823495864868164,4925000,0.0,0.0
21.239972538344507,21.34938145615101,19.715537628772182,20.539752960205078,6013600,0.0,0.0
20.547053122334727,20.73669595159229,18.92779704496511,19.91977310180664,7000400,0.0,0.0
18.388045199637567,19.715545117905304,18.278636240271044,19.34355354309082,7762800,0.0,0.0
18.89132427174102,19.92706490117228,18.26404571533203,18.26404571533203,8128600,0.0,0.0
19.008025481870813,20.255291141605085,17.162657782273353,20.218820571899414,10913800,0.0,0.0
20.62728093260019,21.779724408853774,20.306346901265933,20.714807510375977,7913000,0.0,0.0
21.37855694731615,21.78701895576444,20.29175907837209,20.940919876098636,5890300,0.0,0.0
18.898618080679334,19.066378541237174,15.988333161326409,18.526626586914066,24617600,0.0,0.0
18.220279056632872,18.220279056632872,17.257478286612738,17.556529998779293,8307000,0.0,0.0
18.439100721568245,18.57039061464998,18.125460740473248,18.198400497436523,15120700,0.0,0.0
17.95040798690587,18.169225888874237,16.94384229894669,17.111602783203125,7405900,0.0,0.0
17.439830961505752,17.67323709371332,15.733046880725114,15.959158897399902,11196200,0.0,0.0
16.56455651696218,16.56455651696218,15.929983771129038,16.06856918334961,7591000,0.0,0.0
16.652085392653976,16.65937950854723,15.032829227031915,15.207883834838867,6116300,0.0,0.0
15.426703110811895,15.733049049363515,14.835893583323227,15.25894260406494,7449100,0.0,0.0
14.71188938164352,15.0474102354274,13.960612430348148,14.033552169799805,8029000,0.0,0.0
14.15025904416236,14.697305151987269,13.202046347083256,14.631659507751465,9720600,0.0,0.0
14.522250904539804,14.894242433518016,13.792856077024155,13.83661937713623,6977300,0.0,0.0
13.88767908099865,14.412842889906466,13.522981643676756,13.522981643676758,6448100,0.0,0.0
13.493805682154136,14.07732104706044,13.274987768116866,13.712623596191404,5633100,0.0,0.0
13.712621257076297,13.712621257076297,12.229571597905078,12.274286270141602,9183700,0.4,0.0
12.326457375961265,12.468054101716028,11.074434234333964,11.19367504119873,13207500,0.0,0.0
11.871852195775235,11.886756850639587,11.066980932745755,11.752612113952635,11492200,0.0,0.0
12.45314752449352,13.45923698168487,12.020901862624028,13.228209495544435,12844600,0.0,0.0
13.82440709222439,13.86167049943837,12.51276643027242,13.295279502868652,11435800,0.0,0.0
13.339993501886585,14.63673015745453,13.190944144857305,14.510037422180176,6808500,0.0,0.0
14.547302906950614,15.717346994492846,14.547302906950614,15.650274276733398,4416500,0.0,0.0
14.793236574407162,15.121147499751833,14.56966036198649,14.59947109222412,9872400,0.0,0.0
15.218031216421686,15.404344036690585,14.428065256488686,14.972098350524902,12162300,0.0,0.0
14.867758089669115,15.881298487926829,14.65908729694814,15.791869163513185,8593900,0.0,0.0
15.545947932564266,15.8291428987602,15.10624940025527,15.7099027633667,12097400,0.0,0.0
15.009353508024738,16.15704064031492,14.331175264927218,16.007989883422848,8248300,0.0,0.0
16.03780611617955,16.648911870880998,15.844040634196725,16.343358993530273,8677600,0.0,0.0
16.432790369369723,17.282377806219895,16.171953555136895,16.321002960205078,5589900,0.0,0.0
16.537124360320078,17.028990033675726,16.18685539009899,16.947011947631836,5519700,0.0,0.0
16.58184454418343,17.0439010625399,16.067620652446486,16.26883888244629,5883600,0.0,0.0
15.836589635070276,16.291193368871692,15.650276815834156,16.186857223510742,4316000,0.0,0.0
16.037807573914144,16.499862562487017,15.203125531155761,15.508678436279295,4771400,0.0,0.0
15.59810623698168,17.140775834669327,15.560842827947129,17.043893814086914,6103500,0.0,0.0
16.686170126959116,17.699711983846623,16.440237343620648,17.49104118347168,6394800,0.0,0.0
16.820320278744973,18.44496821124925,16.432789292349575,18.064889907836914,11508700,0.0,0.0
17.766785306070815,18.348081642040604,17.684807234965778,18.035076141357425,6528300,0.0,0.0
17.58792453228364,17.70716458296053,16.79795884118586,17.237655639648438,4925900,0.0,0.0
17.558113808887654,17.871119297277872,17.148226312367534,17.237655639648438,3630300,0.0,0.0
17.289825439453125,17.565567540086626,17.036439961249926,17.289825439453125,956000,0.0,0.0
17.446328575242212,17.468686620526793,17.13332304852663,17.394161224365234,1230400,0.0,0.0
17.006635151763803,17.192947984577085,16.857585738385634,17.170591354370114,2769500,0.0,0.0
17.3345435199844,18.035080063668424,17.3345435199844,18.01272201538086,2245400,0.0,0.0
18.057438986811785,18.564210107476512,17.878578842127887,18.12451171875,3732800,0.0,0.0
18.020174831581254,19.10824093679608,18.020174831581254,19.041168212890625,3442300,0.0,0.0
18.690895080566406,18.884660511736136,18.13940950944648,18.690895080566406,5064900,0.0,0.0
19.018814752264923,19.19767490530593,18.66109444618289,18.795238494873047,4524100,0.0,0.0
18.25864778982325,18.474771241877946,17.751876929856845,18.042524337768555,3478800,0.0,0.0
17.908391874540378,18.020179301627916,17.379262634859824,17.9829158782959,3263100,0.0,0.0
18.415157938659178,18.52694676473953,17.29728104948736,17.595382690429688,4282800,0.0,0.0
17.453790065489162,17.498504757170988,16.604203816262373,16.760705947875973,3326600,0.0,0.0
16.46260389910585,17.02899514604505,16.432793160157026,16.917207717895508,5321500,0.0,0.0
16.559482861982985,16.59674627870261,15.9036623637116,16.186857223510742,5528100,0.0,0.0
15.687539167088095,16.000544767365803,14.987003974310324,15.613015174865724,7470300,0.0,0.0
15.844038547945752,16.060160627672147,15.128596753179474,15.732251167297365,5485300,0.0,0.0
15.195670314513904,15.456508498229992,14.226844399515564,14.24174976348877,6941300,0.0,0.0
14.614378850591235,14.875215675615832,14.100155041413725,14.815595626831055,7317600,0.0,0.0
14.353539746438631,14.800690796332676,14.144868877433677,14.487685203552244,8031100,0.0,0.0
14.047985194485447,14.599470903674598,13.861672397268011,14.442967414855955,7018400,0.0,0.0
14.3013721372325,14.815594485336726,14.010723178027954,14.189584732055664,6224100,0.0,0.0
14.413156129866993,14.823043658952699,14.338630736909511,14.592016220092773,3246100,0.0,0.0
14.994452527253456,15.143501892093136,14.271558061620569,14.88266372680664,8958800,0.0,0.0
14.346086377049794,14.502588455228816,13.77224258081886,13.861673355102539,11436800,0.0,0.0
14.122512002973778,14.234299408137277,13.51885745647374,13.55612087249756,9391600,0.0,0.0
13.26547069214412,13.533761577001554,13.108968623613178,13.421974182128904,4926200,0.0,0.0
13.734984803554996,14.226850659466464,13.295286323050142,14.077799797058105,6135300,0.0,0.0
14.21193990638317,14.577112817380275,13.720074236758187,13.772241592407227,5248700,0.0,0.0
14.100149777312666,14.577109989524214,13.794596963682947,14.405702590942385,5781600,0.0,0.0
14.688898828259996,15.717346165348127,14.547302139529798,15.426698684692385,6675000,0.0,0.0
15.344723054664627,16.119783600529768,15.083884837914786,15.985639572143555,7033200,0.0,0.0
15.53103579417668,16.149594260100773,15.49377380114486,15.806777954101562,12068600,0.0,0.0
15.799329647222965,16.38807749165767,15.732256910059569,16.127239227294922,8124200,0.0,0.0
15.747156214663176,15.87384896734799,15.054073837397276,15.799324989318848,7185000,0.0,0.0
15.702442752944355,16.052711731055336,15.523582633281968,15.553393363952635,6051500,0.0,0.0
14.905018422777056,15.158403849680536,14.636727636302009,14.919923782348633,6397900,0.0,0.0
14.905028639730556,14.927386694413702,14.435520863018935,14.69635772705078,6303100,0.0,0.0
14.837954284320881,15.001909069813268,14.360993874558186,14.45042324066162,4502000,0.0,0.0
14.15232419284541,14.696357384360766,14.033084080224357,14.457877159118652,6825700,0.0,0.0
14.748518779205398,14.770875400698328,13.794596935292029,13.839311599731445,7044400,0.0,0.0
14.249202149962207,15.434150132182467,14.085245992564724,15.09133529663086,9739400,0.0,0.0
15.374531499745595,15.374531499745595,14.532398276350612,14.74852180480957,9629600,0.0,0.0
15.41179628482179,15.627918411073987,14.84540515662566,14.89757251739502,7844700,0.0,0.0
14.972097780890408,14.979550463992098,14.316275882481305,14.57711410522461,12694600,0.0,0.0
14.279012160350332,14.405704914838509,13.444331654331329,13.571022987365724,9484600,0.0,0.0
13.861671671733001,13.92129170686385,13.16113519285521,13.489046096801758,10059400,0.0,0.0
14.152321422956641,14.927383424752836,13.943650555983664,14.5473051071167,10629000,0.0,0.0
14.331179270706713,14.621828185741641,13.325089934101605,13.489046096801758,9452000,0.0,0.0
13.3996201604021,13.556123697407365,12.572392052646082,12.89284896850586,9805500,0.0,0.0
12.79596752858774,13.414526178866172,12.520223865026688,12.654369354248047,7252300,0.0,0.0
13.302738095259285,14.301375109070733,13.094067186500945,14.293922424316404,12282400,0.0,0.0
14.778329149866153,15.165860060228177,14.420608965587515,14.65908908843994,7220900,0.0,0.0
14.286467206180296,15.486322231228607,14.12996369700033,15.45651149749756,7302100,0.0,0.0
15.55339169336539,15.687535702613387,14.927380631059847,15.307458877563475,6350100,0.0,0.0
15.650269624663565,16.007989732078496,15.262738797570707,15.277644157409668,5344200,0.0,0.0
15.016811955442968,16.082521438598633,15.016811955442968,16.082521438598633,4808800,0.0,0.0
16.01545096966913,16.842680403858335,15.754612718924827,16.447696685791016,5992000,0.0,0.0
16.775605164710154,16.954465287276186,16.507314270134167,16.686174392700195,5818000,0.0,0.0
16.574389376653162,16.6861767916467,15.560847114942995,15.873852729797365,6713300,0.0,0.0
16.306095740426922,17.513403318001174,15.829135424078512,17.37180519104004,12223000,0.0,0.0
17.148227375648663,18.586562175258265,16.827769186539342,17.014081954956055,15274600,0.0,0.0
16.768151937836056,17.207850257922285,16.373168291576974,16.924654006958008,9482100,0.0,0.0
16.894847667611323,17.535764264746057,16.77560756881241,17.245115280151367,10304000,0.0,0.0
16.760702723958243,16.984278982271366,16.350815049232075,16.522222518920902,5359000,0.0,0.0
15.926023809937124,16.060167874371732,15.426705291047456,15.590660095214846,5019200,0.0,0.0
16.007992798754007,16.388071018739538,15.75460731876365,16.097423553466793,5792200,0.0,0.0
15.970736256187262,17.297282716087206,15.836590789129042,17.170591354370114,6684700,0.0,0.0
17.483593457891992,18.579113693542343,17.28237670282396,18.02762794494629,7726700,0.0,0.0
18.079789997500477,19.10823578430981,17.915835284082615,19.01880645751953,6552900,0.0,0.0
18.780336705833143,18.780336705833143,18.079799959849094,18.44497299194336,5545600,0.0,0.0
17.871123168359578,17.930743206612373,17.40906822726383,17.513402938842773,5265700,0.0,0.0
17.826410823431846,18.03508169529913,17.558119905524475,17.878578186035156,3750700,0.0,0.0
18.5343953115962,19.32436107230755,18.139411720513696,19.078428268432614,6711400,0.0,0.0
18.847404745212444,19.756610756097,18.5045884319583,19.525583267211914,5355700,0.0,0.0
19.1082400228592,19.383983588110038,18.698352437667392,18.83995056152344,4537400,0.0,0.0
18.53439807316786,19.294553221117148,18.51949270793552,19.24238586425781,6067000,0.0,0.0
19.123144324139133,20.740339370480765,18.96664226551918,20.42733383178711,7449600,0.0,0.0
20.472044921951124,20.86702847262041,19.831130014023305,20.308090209960934,7617700,0.0,0.0
19.331818301431372,19.525583801801158,18.802689161680416,18.81759452819824,5983700,0.0,0.0
18.661086288163226,19.085879143611784,18.519488195862532,19.05606842041016,5136200,0.0,0.0
18.519488426952066,20.188850567828805,18.333175668977606,19.816225051879886,9364400,0.0,0.0
20.315548462792126,21.180039765765926,19.868397445730594,20.65836334228516,9152300,0.0,0.0
20.80741407857416,21.42597253310656,20.56893391607307,21.18749237060547,6253200,0.0,0.0
19.272196845531816,19.53303363322305,17.707169012114985,18.325727462768555,18640800,0.0,0.0
17.930744059222683,19.56284463849882,17.833862025500313,19.041168212890625,10687200,0.0,0.0
19.46596389147333,20.047258975138874,19.24984033983584,19.77151679992676,6500500,0.0,0.0
20.12922632060879,20.621091784790448,19.987628256237333,20.0323429107666,8419000,0.0,0.0
20.19630537631338,20.24847272660926,19.406339597289268,19.480863571166992,4171500,0.0,0.0
19.74170510361544,22.05198422331539,19.592655709042052,22.037078857421875,10696900,0.0,0.0
21.76879094077245,22.096701928103503,21.440881374895532,21.85076904296875,5307900,0.0,0.0
21.91783834893088,22.007269121107004,21.485592696563085,21.962553024291992,6458000,0.0,0.0
22.051980316616696,22.178673061359035,20.88938899051002,20.963912963867188,10112500,0.0,0.0
20.82977308903357,21.239660709584317,20.427336730133018,20.770153045654297,7899500,0.0,0.0
20.29318417957665,20.650904314738813,20.084514811458792,20.315542221069336,3944700,0.0,0.0
20.85958168691889,20.85958168691889,19.674632121490745,20.01744842529297,3986000,0.0,0.0
19.3467201758038,19.376530905648792,18.631279716969992,18.83995056152344,4714400,0.0,0.0
18.98155130372396,19.488322447313053,18.631283682221678,19.04862403869629,5343500,0.0,0.0
19.026264565831077,19.22003005775565,18.362989999236305,18.63128089904785,4623000,0.0,0.0
19.510673687111737,19.82367920054228,19.234930159453608,19.741701126098636,6267000,0.0,0.0
19.972730958668553,20.233569154695786,19.65227414684208,19.778966903686523,4549800,0.0,0.0
19.771513749636977,19.950373857128838,18.571658929410255,18.668540954589844,5810500,0.0,0.0
18.519490214602953,18.608919551049162,18.102149994462106,18.392797470092773,4436300,0.0,0.0
18.668542922711826,18.854855732006172,18.22884457906085,18.594018936157227,3679900,0.0,0.0
18.400251859583822,19.38398318052226,18.400251859583822,19.309457778930664,6740400,0.0,0.0
19.391438609731647,19.585204112736246,18.370443732640915,18.48223114013672,5189200,0.0,0.0
18.616374105727786,18.668541460812445,17.72952622638097,18.17667579650879,7422000,0.0,0.0
18.40025198508379,18.98899967662001,18.251201180883985,18.959190368652344,4798900,0.0,0.0
19.279649601090558,20.188855573723327,19.190218829648604,19.883302688598636,5485700,0.0,0.0
19.786421624616,20.121785281217925,19.58520485210891,19.972734451293945,4160000,0.0,0.0
19.436149337678593,19.719344140533586,19.24238387406045,19.555389404296875,3288000,0.0,0.0
19.3765284566658,19.58519927484551,19.01880827246084,19.369075775146484,3678300,0.0,0.0
19.272200295755432,19.54048981419061,18.936836620893786,19.04862403869629,3961300,0.0,0.0
18.75797366601953,18.862308384188946,18.35553731630221,18.63128089904785,5569300,0.0,0.0
18.817593598959498,18.817593598959498,18.482229976139052,18.65363883972168,4185600,0.0,0.0
18.981546579913907,18.981546579913907,17.401614912862808,17.774240493774414,9546200,0.0,0.0
18.243745103277856,18.243745103277856,17.453779399524542,17.68480682373047,7850300,0.0,0.0
17.96800734025964,18.035080063668424,17.573023682569456,18.01272201538086,5108400,0.0,0.0
17.610292725769963,17.610292725769963,17.021544766345837,17.260025024414062,5646500,0.0,0.0
17.349448581936173,17.42397256534959,16.701079407480787,16.790510177612305,5171900,0.0,0.0
16.835228420459043,17.55066904734533,16.529675475044588,17.178043365478516,6649100,0.0,0.0
17.89347839977259,18.869756905566057,17.74442761687046,18.459869384765625,12497300,0.0,0.0
19.92057056844329,20.18886154060957,19.42870473377464,19.823688507080078,12052200,0.0,0.0
19.406342405402558,19.495771755577806,18.27356021252094,18.303369522094727,6575600,0.0,0.0
18.549298418882056,18.66853847470372,18.10214892027762,18.288461685180664,4867400,0.0,0.0
18.66854207555765,19.659726119166766,18.616374718755146,18.98900032043457,7273400,0.0,0.0
18.56420382201688,19.480862286205305,18.56420382201688,19.182762145996094,5560700,0.0,0.0
18.951740407277182,19.167862540797262,18.817594948528303,18.892120361328125,5200400,0.0,0.0
18.98900356376168,19.637372846865233,18.869763464574326,19.443607330322266,4377500,0.0,0.0
19.346722528335977,19.369080578438425,18.713260078093988,19.20512580871582,4627200,0.0,0.0
19.23493108918904,19.66717668372856,19.003903639035254,19.577747344970703,4348900,0.0,0.0
19.04116976547376,19.577751600469302,18.75797490257924,18.892120361328125,6960800,0.0,0.0
18.75051952706338,18.966643051007715,18.571659414895898,18.959190368652344,5305500,0.0,0.0
18.854857095624038,19.048622601878108,18.519494867512567,18.57911491394043,4479800,0.0,0.0
18.63128243163836,18.735617158390244,17.878578450825692,18.266109466552734,5404100,0.0,0.0
18.482228910652694,18.936832590611992,18.40025224648664,18.83995056152344,3780800,0.0,0.0
18.73561229555934,18.82504305345922,18.1990320125211,18.392797470092773,4922100,0.0,0.0
18.36298677419165,18.68344497680664,18.087244661327823,18.68344497680664,4526300,0.0,0.0
18.81013953728917,19.00390501388758,18.60146869600154,18.99645233154297,3383100,0.0,0.0
19.18276037160237,20.330447582064462,19.06352032654832,20.315542221069336,7195300,0.0,0.0
20.14414184037661,20.44224205669482,19.577750718645035,20.30064392089844,5422300,0.0,0.0
19.972732021865802,20.017448118276285,19.43615165802494,19.62991714477539,5813600,0.0,0.0
20.04725323706897,20.785051616165394,19.94291854349581,20.628549575805664,5499300,0.0,0.0
20.61364756743298,20.68817296987685,20.19630730378265,20.591289520263672,3922700,0.0,0.0
20.062163997077008,20.82977330740465,20.062163997077008,20.72543716430664,3074200,0.0,0.0
20.34536182833632,21.545216988660922,20.29319445987945,21.276926040649414,4891900,0.0,0.0
21.0086327775055,21.254565628956477,20.740341877212092,21.239660263061523,3443300,0.0,0.0
20.822321708852748,21.23966203862205,20.51676878973276,21.045896530151367,3435100,0.0,0.0
20.49440850992801,21.18749237060547,20.397526476957157,21.18749237060547,4172000,0.0,0.0
20.263382380028137,20.54657723649968,20.05471151321217,20.33790779113769,6928700,0.0,0.0
20.539121826058988,21.23220564087844,20.44223979949835,20.98627281188965,4677100,0.0,0.0
21.090608468489503,21.39616134788977,20.822319002097718,20.859580993652344,4207800,0.0,0.0
21.34400225172807,21.791153430710157,21.2694782397764,21.612293243408203,4647900,0.0,0.0
21.560118132308048,22.044531143494943,21.358899960729925,21.925291061401367,4147800,0.0,0.0
22.27555758820555,22.342630308943487,21.515402455598718,21.58247375488281,4198700,0.0,0.0
22.014720837767534,22.096697502089615,21.48559175364257,21.545211791992188,3170700,0.0,0.0
21.917839203444082,22.916475994650874,21.657000981002792,22.61837577819824,5383500,0.0,0.0
22.506589222328746,22.64073325869395,22.044532803335233,22.260656356811523,3206500,0.0,0.0
21.8209555420532,22.16377041009524,21.656999369116708,21.99236297607422,3438800,0.0,0.0
21.753879438173076,23.03571078493163,21.709163349895697,22.707799911499023,5180500,0.0,0.0
22.350083651551007,22.633279907798844,21.955099997922765,22.61092185974121,3835200,0.0,0.0
22.62583262083957,22.7003566225628,21.910390548371936,22.24575424194336,3092800,0.0,0.0
21.381257563561434,21.463234229883607,20.941559236959897,21.053346633911133,3385300,0.0,0.0
21.187495347369584,21.597383006574283,21.13532798217489,21.507953643798828,3080000,0.0,0.0
21.150228016848107,22.11160272834084,21.060798670611558,21.895479202270508,3933100,0.0,0.0
22.014726889136032,22.633285490086788,21.925296096302112,22.454423904418945,4492400,0.0,0.0
22.715253192001466,23.1922148626981,22.633276537571373,23.01335334777832,4325000,0.0,0.0
23.564847178965287,23.57975112494325,22.79723781366398,22.87176322937012,2914000,0.0,0.0
23.333813784720746,23.341266467011174,22.88666279747129,23.14750099182129,5341500,0.0,0.0
22.953735781075803,22.953735781075803,22.506586210128642,22.73761367797852,3568600,0.0,0.0
22.618369965010324,22.67053731180017,22.13395706009288,22.402246475219727,4201300,0.0,0.0
22.841949337187906,22.916474742592808,22.402251008898272,22.61092185974121,2904400,0.0,0.0
22.454421687891735,22.514041736744375,21.72407573408337,21.79860115051269,4662300,0.0,0.0
21.86566725105339,22.23829279872444,21.18003618648052,21.32163429260254,4356900,0.0,0.0
21.299279631698774,21.411067029468306,21.06079947073608,21.247112274169922,3372800,0.0,0.0
21.85076455694172,21.96255195060648,21.589926357421387,21.858217239379886,4500000,0.0,0.0
21.925284790212427,22.12650290423705,21.82840278426733,21.873117446899414,4859900,0.0,0.0
23.10278153770644,23.14749620074018,22.767418011319624,22.98354148864746,5347500,0.0,0.0
23.348722143370253,24.161044716840657,23.259291365870894,23.75860977172852,5519000,0.0,0.0
23.81822725764369,24.108874765750226,23.587199787647577,24.019445419311523,4898600,0.0,0.0
24.399527408251576,24.608196850508328,24.16849849510449,24.332454681396484,4027500,0.0,0.0
23.959828398632546,24.295189180843163,23.959828398632546,24.17594909667969,3140800,0.0,0.0
24.712528707573462,24.869030771128198,24.444237831246713,24.548572540283203,5730800,0.0,0.0
24.87648609691362,25.189490239399323,24.570933215621878,24.75724601745605,5449400,0.0,0.0
24.883940641032428,25.085158834708878,24.25792943056396,24.48895835876465,3854500,0.0,0.0
24.68272182900844,24.787056554321385,23.95237590890975,24.041805267333984,5399300,0.0,0.0
23.870392436221668,24.1386832939761,23.527577603716512,23.84803581237793,5934400,0.0,0.0
25.24166225776689,26.046535074919205,24.89884732138346,24.980825424194336,10541000,0.0,0.0
25.204388828394126,25.331082977891175,24.637999313973733,24.68271255493164,7716300,0.0,0.0
25.450329878102913,25.509948496402163,24.86158074176867,25.301279067993164,7435700,0.0,0.0
25.11496167681057,25.33853642966737,24.548569270472317,24.60073661804199,6933500,0.0,0.0
24.719981913481952,25.070250901014585,24.51876658331196,25.05534553527832,3696400,0.0,0.0
25.05533737291316,25.26400958233315,24.8019519237586,24.96590805053711,4681800,0.0,0.0
24.96591617156601,24.973367432976588,24.093973598229464,24.801959991455078,6773700,0.0,0.0
24.63800502415864,24.74979099536829,24.06416127464469,24.392070770263672,9602900,0.0,0.0
24.086517659382682,24.541121329314645,23.997088314727947,24.18340110778809,7139700,0.0,0.0
24.32499565487016,24.369711744695,24.00453745172721,24.26537704467773,7639500,0.0,0.0
24.6231016464471,24.660363639857284,24.265381392475234,24.31754875183105,5358400,0.0,0.0
24.43678445797858,24.660359221288058,24.15358824156932,24.26537704467773,3498200,0.0,0.0
24.719977534714022,25.15967579587055,24.533664760374933,24.787050247192386,5534400,0.0,0.0
24.82432039736452,24.839225763655413,24.272833216232875,24.332454681396484,3776300,0.0,0.0
24.556029489944148,24.70508030994523,24.131236500831214,24.332454681396484,4976300,0.0,0.0
24.362262006760126,24.474050829898523,24.07906858251648,24.31754875183105,5058400,0.0,0.0
24.96592114063571,25.062804615703268,24.60820082066516,24.831775665283203,5244200,0.0,0.0
24.85413035329513,24.943562558475517,24.76470099102291,24.869035720825195,4959800,0.0,0.0
24.660363587349448,24.839225135408483,24.45914541187349,24.64545822143555,4807300,0.0,0.0
25.05534722874719,25.383259611292647,24.712532322366048,24.84667778015137,5150200,0.0,0.0
25.047891056832448,25.152225760678213,24.593287410440922,24.70507621765137,3776100,0.0,0.0
24.906296163244967,25.278921799508304,23.91511344909668,23.91511344909668,6593000,0.0,0.0
24.16103837216383,24.70507415608857,23.69153224403672,24.60073661804199,4912500,0.0,0.0
24.585837027500748,24.585837027500748,23.706439009520288,23.87039375305176,3663600,0.0,0.0
23.848035630444503,23.90765708411616,22.61837157754045,22.797231674194336,7408700,0.0,0.0
22.94628377902443,23.005903814655326,22.499132801065727,22.528942108154297,5009800,0.0,0.0
22.424601996200067,22.424601996200067,21.642089039470445,21.74642372131348,5602500,0.0,0.0
22.193585300083637,22.871763902196975,22.156321880407333,22.86431121826172,5479900,0.0,0.0
22.722706815554773,22.804684894836956,21.70171356201172,21.70171356201172,6445800,0.0,0.0
21.902936116733688,22.364992566412745,21.62719392086328,21.970008850097656,4925400,0.0,0.0
21.746434980197396,21.932747820779685,21.396165930172025,21.84331703186035,7183200,0.0,0.0
22.446968180894537,22.864308481129623,22.104151868182395,22.17122459411621,4980400,0.0,0.0
22.58111219916821,22.96864318847656,22.461872113450863,22.96864318847656,4463000,0.0,0.0
22.655644382083462,23.02827011672777,22.6332877477356,22.782337188720703,3236800,0.0,0.0
23.12514471821466,23.78841781616211,22.98354659544983,23.78841781616211,4061700,0.0,0.0
23.30400644851648,23.66172669999742,23.266743033911844,23.61701202392578,3922800,0.0,0.0
23.736251001885414,23.930016484440245,23.40088739333786,23.549938201904297,4367500,0.0,0.0
23.654273405832573,23.795871534763325,23.281647798138696,23.38598251342773,3348100,0.0,0.0
23.713894398996462,24.220665473254105,23.646821673200368,24.05670928955078,3924000,0.0,0.0
24.213216105028728,24.585841756831584,24.15359463614439,24.5634822845459,3395800,0.0,0.0
24.48149992982194,24.48149992982194,24.131233811203593,24.399524688720703,2472200,0.0,0.0
24.56348068846784,24.59329142097298,24.235571159635054,24.40697860717773,3528700,0.0,0.0
24.06416409900316,24.116331460271958,23.706442410459715,23.75860977172852,2948000,0.0,0.0
23.68408595262053,23.959829548895158,23.53503512953361,23.91511344909668,3080100,0.0,0.0
24.1908526367486,24.48150014227857,23.974729112105614,24.06416130065918,2856800,0.0,0.0
24.019444908501697,24.086517627631235,23.69153541659484,23.930015563964844,2744400,0.0,0.0
24.20575501744423,24.645453273450237,23.95982363650923,24.615642547607425,3258900,0.0,0.0
23.54248352568061,24.07161115052098,23.475410809651017,23.86294174194336,1826400,0.0,0.0
23.728797056051132,24.101422636175734,23.482864230027047,23.87039375305176,2839100,0.0,0.0
24.168496281601552,24.39952517358955,23.80332336964309,23.944921493530273,3934900,0.0,0.0
24.24301561032341,24.42187711219588,24.086513573001966,24.377161026000977,5320000,0.0,0.0
24.474051396798156,24.801960926474194,24.272833216232875,24.332454681396484,4332800,0.0,0.0
24.526220355465888,24.85412990650819,24.108878600850872,24.48895835876465,4353400,0.0,0.0
24.287740434642892,24.511315260239783,24.034354874190914,24.153594970703125,4454500,0.0,0.0
23.937466087997226,23.98218218034308,23.624461970298793,23.721343994140625,4052000,0.0,0.0
23.870394862674523,23.915110957814843,23.207121754085478,23.35617256164551,4323700,0.0,0.0
23.57974412038978,24.168493165976138,23.490314785271377,23.98963165283203,3137200,0.0,0.0
24.205760987960726,24.362263072876875,24.03435353644665,24.168498992919922,2398400,0.0,0.0
24.451694197731065,25.286374790171557,24.295189276785838,25.11496734619141,4563500,0.0,0.0
24.81686974376299,25.41307026376618,24.81686974376299,25.24911689758301,3625200,0.0,0.0
25.673908230799324,25.81550495643283,25.04789701588523,25.20439910888672,4543800,0.0,0.0
24.831767260369748,25.152225471588512,24.69762183042202,24.8615779876709,5417900,0.0,0.0
24.093973404949608,24.33245356888454,23.7362517375933,24.01199531555176,10787700,0.0,0.0
24.436792059243466,24.556032159626287,24.02690439185927,24.1237850189209,3234900,0.0,0.0
24.19830671442237,24.66036164981904,24.034350545159054,24.392070770263672,3990600,0.0,0.0
24.444235333338245,24.46659479935234,24.086515149093174,24.243017196655273,2376100,0.0,0.0
24.235567869571508,24.36971330472601,24.153589787765146,24.20575714111328,672100,0.0,0.0
24.3548095942946,24.52621703020743,23.944922000337158,24.034351348876953,1998600,0.0,0.0
24.399522368273946,24.50385706785089,24.011991453482874,24.086515426635746,2224900,0.0,0.0
24.05670708480587,24.108874439765376,23.82567961793356,23.92256164550781,2239300,0.0,0.0
23.967279592485795,23.98963621979465,23.60210665808393,23.61701202392578,1987700,0.0,0.0
24.064159108477014,24.414425198226727,23.818224876720148,23.892751693725586,5372700,0.0,0.0
24.056712284773788,24.25047922471353,23.9970936560365,24.1237850189209,3199900,0.0,0.0
24.064161543721017,24.272830966638395,23.661725219888073,23.69153594970703,6171400,0.0,0.0
23.937471951569535,24.116333521858238,23.773517170501336,23.952377319335934,3469400,0.0,0.0
24.459144397358273,24.809413374537005,24.324998952605053,24.75724601745605,4950500,0.0,0.0
25.03299188609189,25.08515925092081,24.816868321567405,24.90629768371582,3970700,0.0,0.0
24.570933195955742,24.675267910034137,24.22066421905736,24.50386047363281,3566300,0.0,0.0
24.660362518367087,25.420519089577773,24.56347906558034,25.37580299377441,5123800,0.0,0.0
25.323639391310977,26.28501427181003,25.316188129026212,26.13596343994141,5417600,0.0,0.0
25.99435732634006,26.13595400188323,25.301273624905104,25.50994300842285,3798500,0.0,0.0
25.80804844290366,26.2477467406126,25.644092278125147,26.09124183654785,3159600,0.0,0.0
26.01671431690153,26.08378702582709,25.331084708246664,25.569564819335934,4015100,0.0,0.0
26.180667546794982,26.381885651186355,25.44286783069327,25.49503517150879,5661700,0.0,0.0
25.308731629620628,25.405615087606265,24.801960554952878,24.81686592102051,3937900,0.0,0.0
25.465236294103036,25.465236294103036,24.92120317049198,25.01063537597656,2750200,0.0,0.0
25.34599454730062,25.44287800881805,25.09260900072981,25.144779205322266,2864600,0.0,0.0
25.137328056310015,25.293830159765538,24.86158584885385,25.24911689758301,3143300,0.0,0.0
25.74843684394269,25.964560445188155,25.346000381535696,25.644102096557614,4452200,0.0,0.0
25.740979108028625,25.740979108028625,24.794509670160565,24.83922576904297,4952300,0.0,0.0
25.15967866316368,25.457780273241944,25.15967866316368,25.442874908447266,3674600,0.0,0.0
25.867665727666267,25.867665727666267,25.584472348579013,25.77823638916016,3620500,0.0,0.0
25.6589963235162,25.89747645480411,25.59192360890977,25.77823638916016,3553000,0.0,0.0
25.211850268850093,25.457781694422284,24.496406933304186,24.51876640319824,4930200,0.0,0.0
24.384616724084392,24.459140696378537,23.728794964848102,24.243017196655273,4682100,0.0,0.0
24.175950218371682,25.025539055726146,23.99709150528189,24.71253204345703,5491300,0.0,0.0
24.89139302834939,24.988273644505213,24.392073209705096,24.44424057006836,5075100,0.0,0.0
24.60820343511295,24.682727443600488,24.22067233657865,24.30265045166016,4205200,0.0,0.0
24.28029021006716,24.757250616500226,24.08652326813606,24.72743988037109,4144500,0.0,0.0
24.399518362737066,24.52620966488018,24.213205617533504,24.459136962890625,3906200,0.0,0.0
24.749791585898613,25.04789320205232,24.652910977120207,24.95100975036621,3229100,0.0,0.0
25.30231969511507,25.51161705015388,25.227572472802194,25.421916961669922,4150100,0.1,0.0
25.37707180247497,25.46676904672317,25.197674462554588,25.24999809265137,5536000,0.0,0.0
25.44434951134213,25.571420390031786,25.257478559322447,25.33222579956055,5416200,0.0,0.0
25.548995312064122,25.668592600389594,25.33970077035061,25.496671676635746,2870600,0.0,0.0
25.279905556675896,25.42940290865684,24.99586087305459,25.167781829833984,2553500,0.0,0.0
25.653642583019646,26.842141883256758,25.60131894759107,26.759918212890625,13062500,0.0,0.0
26.10213974837183,26.69265278902756,26.072242555641594,26.6552791595459,5850700,0.0,0.0
26.132032806070164,27.029013930945844,26.132032806070164,26.8795166015625,5244500,0.0,0.0
26.692643179944593,26.984161376953125,26.62536953052538,26.984161376953125,2459600,0.0,0.0
27.357899849736572,27.49244713190116,26.692639872047096,26.7225399017334,5762000,0.0,0.0
27.01406622160543,27.03648982493081,26.573050630516853,26.69264793395996,3514300,0.0,0.0
26.90194239780753,27.081336907549602,26.78234510750471,27.02153968811035,3628500,0.0,0.0
27.20094939461349,27.739138927366728,27.10377565088284,27.68681526184082,4858800,0.0,0.0
27.57467738978781,27.83629843504491,27.47750369575377,27.61205101013184,2861700,0.0,0.0
27.275685575611142,27.798921963276428,27.148611844732102,27.61205101013184,2756600,0.0,0.0
27.37285438308311,27.925993617892647,27.335480765517765,27.78396987915039,2665200,0.0,0.0
27.61951884775381,27.85871336520935,27.4326479527777,27.84376335144043,2640900,0.0,0.0
27.993274243817943,28.10539512444575,27.686805941155352,28.023174285888672,2657800,0.0,0.0
27.73164932946452,27.806399424335524,27.522354766674837,27.769025802612305,3136500,0.0,0.0
27.769031378109986,27.828828614588378,27.492460248693856,27.746604919433594,3696600,0.0,0.0
27.98579135208704,28.239935948214637,27.798920409388057,28.105388641357425,3484700,0.0,0.0
28.09043701298794,28.23993146226028,27.918513263761835,28.15023422241211,1936200,0.0,0.0
28.12034416198731,28.68095709979405,27.978323244255876,28.120344161987305,3340800,0.0,0.0
27.664372102102696,28.471655914052118,27.574674851249714,28.33710861206055,3230500,0.0,0.0
29.07711556251319,29.413480928928703,28.658523685710406,29.00984191894531,7207900,0.0,0.0
28.718329940261164,28.837930101091498,28.449238132667237,28.74822998046875,3178100,0.0,0.0
28.99489630377482,29.151867212113594,28.770651741658806,28.808025360107425,3735800,0.0,0.0
28.86034614301937,29.15186433009245,28.785596062087787,29.00236701965332,2909500,0.0,0.0
29.17429073260357,29.226614368572488,28.87529893441322,29.13691711425781,2470500,0.0,0.0
29.26398900274567,29.39105986743553,29.077118071314157,29.293886184692386,3149900,0.0,0.0
29.20420050305589,29.278947764664373,28.93510579898497,29.06217956542969,3078500,0.0,0.0
29.443377692343407,29.55550136965529,29.092059498094805,29.331256866455078,2537200,0.0,0.0
29.406021983245143,29.74986395421132,29.2938982376832,29.443395614624023,2883800,0.0,0.0
29.23409314124316,29.458337720677108,29.16681948227052,29.398540496826172,2844200,0.0,0.0
28.964994113613237,29.15933862594249,28.411854906881505,28.628625869750977,5311000,0.0,0.0
28.35205878959843,29.017318869086903,28.284785138221828,28.84539794921875,4469100,0.0,0.0
29.047219859943137,29.13691711425781,28.763175227951645,29.13691711425781,2954200,0.0,0.0
29.27893882006618,29.368638928303643,28.935096959429092,29.01732063293457,3937000,0.0,0.0
29.211663738334927,29.226610902761287,28.561350880253464,29.047216415405273,5295400,0.0,0.0
29.069644334669505,29.271465301513672,28.80802614695913,29.271465301513672,3909500,0.0,0.0
29.24156932637587,29.74985860573849,29.09954841209873,29.51066398620605,4152900,0.0,0.0
29.47329948939213,29.488249514171013,28.725815359002123,29.129457473754886,4582700,0.0,0.0
28.6286240980376,29.181763270537715,28.57630046905536,29.07711601257324,4038000,0.0,0.0
29.144398340836386,29.936729445172595,29.144398340836386,29.839555740356445,5813100,0.0,0.0
29.637727150480515,30.138539815255882,29.540553479918213,30.07126617431641,4312500,0.0,0.0
29.660154279533486,31.222395370593137,29.53308056421378,31.09532165527344,8159200,0.0,0.0
31.28967467733892,31.99978491102699,31.19997741299216,31.969884872436523,8249500,0.0,0.0
32.209078009046934,33.04625909141829,32.10443073017857,32.77716445922852,9082800,0.0,0.0
32.26887665990079,32.605244965021555,31.603616485008963,31.715740203857425,7457600,0.0,0.0
31.341989401491297,31.476536685441317,30.930873967832408,31.08784484863281,8604600,0.0,0.0
31.394324709754656,32.283829550018076,31.394324709754656,32.26140594482422,4508000,0.0,0.0
31.977353512707356,32.24644811557054,31.07289887085825,31.17007255554199,5973800,0.0,0.0
31.439171607695762,31.76806347361564,31.32704789016023,31.7082633972168,3155300,0.0,0.0
31.05046810504057,31.09531529421815,30.153487252983147,30.34783172607422,4773200,0.0,0.0
29.667632622759644,30.16097184376236,29.323790740241733,29.60035896301269,6398100,0.0,0.0
29.308838497124203,29.705006841759094,26.62537159751601,28.42680740356445,7929200,0.0,0.0
27.918508593564557,28.15022951345265,26.67768605277109,27.41769599914551,9815000,0.0,0.0
29.159344361817926,29.503189107305303,28.621157917196847,29.308841705322266,5546500,0.0,0.0
28.87530855998325,29.54804246873529,28.748234793538533,29.06217956542969,4812700,0.0,0.0
29.495710210349284,30.01147585982596,29.323789277665192,29.95915222167969,3451600,0.0,0.0
29.60782873592103,29.861973298730717,28.98741591881176,29.07711601257324,3285600,0.0,0.0
28.96499892118289,29.02479899731687,27.84377315649194,28.08296775817871,5942200,0.0,0.0
28.30720675856481,28.568827762921646,27.46255223542509,28.49407768249512,4254000,0.0,0.0
28.875305831475334,29.047226798069744,27.783977095707606,27.97084808349609,4519000,0.0,0.0
27.843426713390738,28.083262182709326,27.21385789166336,27.74599266052246,6934700,0.1,0.0
26.756671670494608,27.086444738806204,26.291990788086355,26.32196807861328,8190800,0.0,0.0
26.29199341344224,27.086447443491355,26.232033108272272,26.6892204284668,8989600,0.0,0.0
26.74918502752191,27.06397099571116,26.396928147178468,26.50185585021973,6469900,0.0,0.0
25.812325212473468,26.501854577886572,25.527522277624787,26.39692687988281,9297200,0.0,0.0
26.839128218104506,26.974036095363456,26.074651199992385,26.202062606811523,8716200,0.0,0.0
26.93655119993876,27.59610030213797,26.69671568260539,27.566120147705078,5570500,0.0,0.0
27.5436393396899,27.82094864951043,26.861606479926852,27.153905868530273,5335600,0.0,0.0
27.28131391716219,27.57361323942832,26.726692564327173,26.73418617248535,3957200,0.0,0.0
27.32628457428359,27.760988235473636,27.056468903071128,27.760988235473636,4360500,0.0,0.0
28.03080387625066,28.12823508925445,27.498666143463932,27.85841941833496,2854800,0.0,0.0
27.22135306455079,27.348767273176684,26.359442331517855,26.449382781982425,5104400,0.0,0.0
26.704210318803455,26.869095438743265,25.834805913346013,25.90225982666016,5573200,0.0,0.0
25.81232905684853,26.284506627254853,25.30267771144045,26.202062606811523,5251600,0.0,0.0
26.381932512160827,26.86160354453495,25.879774934537053,26.01468276977539,5634800,0.0,0.0
26.83162520944913,27.251338820765813,26.606779755162183,27.22885513305664,4121000,0.0,0.0
26.711709536478185,27.243844487106372,26.629265529663762,27.2138671875,2383100,0.0,0.0
27.783476184603373,28.038301817728637,27.23635114917139,27.25883483886719,4341500,0.0,0.0
28.01582517159245,28.09077272879817,27.798473253003397,28.05329895019531,6998700,0.0,0.0
28.00831921664712,28.03829937300437,27.37125661891357,27.54363822937012,6495800,0.0,0.0
27.678548389913985,27.701032079530698,26.779163637396174,26.981525421142575,6327500,0.0,0.0
27.14641101112577,27.183884776828254,26.41191433890987,26.539325714111328,6144900,0.0,0.0
26.959030850829212,27.018988285296675,25.83480107868873,26.03716278076172,5913700,0.0,0.0
25.25020491382609,25.699898631813287,24.822997740130354,24.87546157836914,12647200,0.0,0.0
25.01036806383769,25.18274964579658,24.658111291601962,24.96540069580078,8162500,0.0,0.0
25.137784476671204,25.197741925653357,24.1034920353792,24.245893478393555,6705700,0.0,0.0
24.47074540296369,24.66561071488087,24.12597929870209,24.41828155517578,8728900,0.0,0.0
24.628140558334408,24.658120721200234,24.036045207529966,24.058528900146484,4989400,0.0,0.0
23.803696129787244,23.803696129787244,22.46960938072005,22.589527130126953,12725000,0.0,0.0
22.716945967344923,23.211607172765387,22.582038105951572,22.66448211669922,9547900,0.0,0.0
22.769405879761454,23.548872753201884,22.244766034514214,23.46642875671387,12986900,0.0,0.0
23.481414572556073,23.51139472203155,22.73942302742455,22.94927978515625,6326500,0.0,0.0
23.45893241018621,23.60883031734741,22.641991818175732,22.851848602294922,5591600,0.0,0.0
23.05421214796506,23.661296003251916,22.949284462479863,23.65380096435547,5765700,0.0,0.0
23.706260761117488,23.77371467014052,23.30153873651156,23.66878700256348,4782800,0.0,0.0
23.48891243392307,24.133471429817014,23.48891243392307,24.07351112365723,5632300,0.0,0.0
23.773716055048524,24.051026744912292,23.653798305251318,23.736242294311523,3967000,0.0,0.0
24.305854702904853,24.725568297864836,24.19343055061014,24.598154067993164,5247200,0.0,0.0
24.46324463737311,24.680596459501444,24.148461605930517,24.54568862915039,4328800,0.0,0.0
24.58316802978516,24.67310565096,24.170950835412906,24.58316802978516,4783700,0.0,0.0
24.42577456835141,24.448258257120994,23.458935924346815,23.54137992858887,5925200,0.0,0.0
23.593844844468013,23.75873286042553,23.099183655660767,23.53388595581055,3626500,0.0,0.0
23.091686125440226,23.80369910229782,23.00174851692017,23.766223907470703,5475500,0.0,0.0
23.90113107969417,24.253390753530606,23.473923877369753,23.55636787414551,5872800,0.0,0.0
24.57567546729797,25.36263611903407,24.44076760025001,25.23522186279297,6209700,0.0,0.0
25.35513192448455,25.692398592257014,25.130283667217103,25.62494468688965,5232200,0.0,0.0
25.542505267900122,26.35944293535041,25.400100980934663,26.34445571899414,4784400,0.0,0.0
26.082139318614978,26.277007482091225,25.80483001112281,25.872283935546875,4479100,0.0,0.0
25.83480940619857,26.142098861938443,25.759859015124768,25.95472717285156,3542600,0.0,0.0
26.306981299008914,26.374435214506462,25.54250740212304,25.7823429107666,3044000,0.0,0.0
25.520014032493762,26.127099109612555,25.460056600900305,25.992191314697266,3740200,0.0,0.0
26.546820465071946,26.674234704816946,26.30698492338566,26.62177085876465,4142700,0.0,0.0
26.561807717183342,26.62176802575671,26.20205444293776,26.524333953857425,3338800,0.0,0.0
26.531836573894488,27.041487878681387,26.486866332037224,26.966537475585934,3252100,0.0,0.0
26.674240583021177,26.891592484030102,26.419414906440398,26.86161231994629,2883400,0.0,0.0
26.46437289060952,26.9365473903569,26.2245374071956,26.70420837402344,3624900,0.0,0.0
26.71170292965584,26.771663232168695,26.34445608349065,26.35194969177246,3468300,0.0,0.0
25.557501194432,25.842307006362194,25.145283986599,25.72238922119141,5850400,0.0,0.0
24.80800683730529,24.852977065325547,24.523203970371004,24.64312171936035,5035800,0.0,0.0
24.36580964294788,24.77802958616747,24.305852197884363,24.4482536315918,4537500,0.0,0.0
24.148461432781982,24.598152291351266,24.081007518090118,24.36581039428711,4016500,0.0,0.0
24.11098431213743,24.463243954787888,23.998563029358237,24.335832595825195,2846300,0.0,0.0
24.598157925786253,25.025365197002248,24.388302524926573,24.815509796142575,3855200,0.0,0.0
24.807989400591463,25.03351600341521,24.544875508584813,24.83806037902832,4473800,0.1,0.0
24.860608749757787,24.905715211191147,23.981052825888725,24.17650985717773,3987700,0.0,0.0
23.93595040148932,23.96601994518549,23.447308487055693,23.89836311340332,3399000,0.0,0.0
23.973536242919973,24.13140456399055,23.650280422979627,23.69538688659668,2656400,0.0,0.0
23.048873755724227,23.13908524325967,22.74065344359445,22.883487701416016,6093100,0.0,0.0
22.58278987918195,23.16915965288509,22.515131607775704,23.04136085510254,5436600,0.0,0.0
23.10901609476203,23.417236431237058,22.89100725294794,22.97369956970215,3468400,0.0,0.0
23.349575532943426,23.74048957590829,22.83838046658366,23.650278091430664,4761100,0.0,0.0
23.582626438291488,23.702907488044747,23.184194564819336,23.184194564819336,2229600,0.0,0.0
23.086463908957477,23.61269454495952,22.92859557847473,23.43979072570801,4125200,0.0,0.0
23.958504301473216,24.740331099554247,23.86077505554861,24.73281478881836,4744600,0.0,0.0
24.770400425109397,25.47705116391069,24.74032944871968,25.416912078857425,4259800,0.0,0.0
25.77023639458003,26.131079513401573,25.62740355621093,26.06342124938965,3782300,0.0,0.0
25.462011337280284,25.642434297150373,25.349249496621407,25.462011337280273,3513900,0.0,0.0
25.695060174346075,26.161148814503196,25.45449811054072,25.988245010375977,5530400,0.0,0.0
26.364117946605848,26.800138386190568,25.98823944395367,26.44681167602539,5399200,0.0,0.0
26.48440825451217,26.63476028192426,26.36412720612777,26.521995544433594,2424600,0.0,0.0
26.88283159633827,27.003112612985568,26.687376019683537,26.935457229614254,2276700,0.0,0.0
26.94297492814068,27.296301687395324,26.724964678059052,26.98056221008301,2868900,0.0,0.0
26.83021625321266,27.003120083243147,26.597173332084218,26.76255798339844,4859800,0.0,0.0
26.792623611452235,26.86780104496735,26.469367816651896,26.70241355895996,3348700,0.0,0.0
26.755042008413238,27.108368851627738,26.740006518518314,27.00312042236328,4302900,0.0,0.0
27.273753852886248,28.37883799858302,27.23616656153277,27.860126495361328,7876200,0.0,0.0
29.093007264749755,29.25839191604113,27.76991284806016,28.243520736694336,8934500,0.0,0.0
28.42394294138783,28.581811277224784,27.777431241034943,27.85260581970215,5050000,0.0,0.0
27.68721523217391,28.153303828898807,27.544379548537925,27.62707328796387,3799200,0.0,0.0
28.055580114322552,28.70209180294485,28.017992825670945,28.40890693664551,5441400,0.0,0.0
28.46904526688013,28.679539239631513,28.22848318464389,28.581809997558594,3840600,0.0,0.0
28.48407733810357,28.89754318810859,28.017988718155685,28.822368621826172,4655500,0.0,0.0
29.303496857903472,29.37867430250546,28.86747915011709,29.15314483642578,6656800,0.0,0.0
29.23583095241517,29.280937407390212,28.491593085542835,28.7096004486084,4445800,0.0,0.0
28.95768788832059,29.17569816608204,28.574290107743412,28.85995864868164,3967600,0.0,0.0
28.769746447933144,28.987756709485094,28.303657818328873,28.634429931640625,3849500,0.0,0.0
29.04790851670786,29.995124545750667,28.957698422231893,29.96505355834961,8190900,0.0,0.0
29.82973048783498,30.107879891414232,29.62675566866312,30.03270530700684,5813200,0.0,0.0
30.040212830207977,30.205600308792672,29.67936976870789,30.16049385070801,4880100,0.0,0.0
30.01765934150651,30.348431412288807,29.89737832779244,30.2807731628418,5260100,0.0,0.0
30.190564270265913,30.288293493797998,29.950002233668236,30.15297698974609,2744900,0.0,0.0
29.934975282656087,30.348441221708498,29.70192948862857,30.205608367919922,4664400,0.0,0.0
30.45367964830258,30.513821594369308,30.18304949417977,30.213117599487305,4798600,0.0,0.0
30.325884187362426,30.370990649698157,29.66433707840175,29.807172775268555,4814400,0.0,0.0
30.0627777022189,30.092845816760526,29.498959689457852,29.56661796569824,6801800,0.0,0.0
29.641777042708807,29.919926313824316,29.52149604430277,29.83723258972168,5491100,0.0,0.0
29.47639860942525,29.671857083941422,29.258388336974946,29.49143409729004,7982400,0.0,0.0
29.363644800361232,29.912427353075408,29.29598652028815,29.85228538513184,5872600,0.0,0.0
29.934964502067594,30.24318476756725,29.829718977417784,30.017658233642575,7623300,0.0,0.0
30.11539801749718,30.213124400264448,29.95001049631184,30.175537109375,4240600,0.0,0.0
30.55141828453275,30.76942860456809,30.42362091137689,30.4461727142334,5693100,0.0,0.0
31.35579822602684,32.82924193652552,31.070132499195072,32.38570785522461,12889600,0.0,0.0
31.957205491103373,32.05493475508494,31.288141870662237,31.92713737487793,6236900,0.0,0.0
32.15264730119961,32.400725620499934,31.596345858239964,32.378173828125,4489900,0.0,0.0
32.017336238241256,32.46838936854277,31.88953603509611,32.453353881835945,4980400,0.0,0.0
32.769092575620064,32.881857289334306,31.904570751079696,32.521011352539055,5877000,0.0,0.0
32.59620462206701,32.87435408525643,32.51351084086085,32.58116912841797,3094000,0.0,0.0
32.678888075827125,32.80668542986569,32.16017374590841,32.75406265258789,4502100,0.0,0.0
32.957040101484324,33.641139128836514,32.90441731997465,33.498306274414055,5141600,0.0,0.0
33.58098766524058,33.75389431867135,33.36298028970636,33.60354232788086,3359200,0.0,0.0
33.347931163103674,33.460692959277786,32.821700844450845,33.03971099853516,3726200,0.0,0.0
33.03972301187292,33.190074995831374,32.40824697342794,32.603702545166016,4080200,0.0,0.0
32.58115786392892,32.708955214170864,32.16017279048697,32.701438903808594,2795500,0.0,0.0
32.235349231284864,32.528534077650306,32.0474099330787,32.190242767333984,4145700,0.0,0.0
32.12259208426382,32.46839978629865,31.69409061267136,31.979759216308594,4397300,0.0,0.0
32.00230422726603,32.03989151425249,31.626425621949092,31.66401290893555,2449400,0.0,0.0
31.26557967681281,31.73918747963481,30.927288389082804,31.062604904174805,3741600,0.0,0.0
30.987250387170054,31.514757670143148,30.874214960258023,31.35650634765625,3424800,0.1,0.0
31.710681399253758,31.89153918117716,31.559964664529186,31.71821594238281,3217500,0.0,0.0
31.59011268615723,31.66547250749868,31.28868202484117,31.59011268615723,3032000,0.0,0.0
31.492153125232324,31.770977311971173,31.27361392833914,31.72576141357422,2531700,0.0,0.0
31.19071262290672,31.19071262290672,30.738565238116607,30.851600646972656,4817400,0.0,0.0
31.115363090190034,32.03473004139509,31.062612645230878,32.01966094970703,3869900,0.0,0.0
31.235942743539358,31.6579463950422,31.198264256752925,31.46955108642578,1616300,0.0,0.0
31.040001627242283,31.190718408355867,30.62553263519257,31.00232315063477,3725700,0.0,0.0
30.70089307013225,31.4394021500393,30.56524825191631,31.130434036254886,5985800,0.0,0.0
31.68808212522737,32.14776701911491,31.364042048378238,32.079944610595696,3970100,0.0,0.0
32.0121121252319,32.75062096625845,31.974433660066968,32.56976318359375,2989400,0.0,0.0
32.59991106319381,32.720483901800776,32.22312058321168,32.622520446777344,2474600,0.0,0.0
32.32862382770192,32.58484146507763,32.230657499524476,32.396446228027344,2723500,0.0,0.0
32.76570647408432,32.84860085652902,32.358771982819704,32.403987884521484,3102800,0.0,0.0
32.63759689700376,32.84859867489749,32.40398573241882,32.81845474243164,2579200,0.0,0.0
32.93902239178443,33.12741762789577,32.78077108337485,32.961631774902344,2203300,0.0,0.0
33.0972712010425,33.48913360752684,32.848591002988435,33.134952545166016,3283800,0.0,0.0
33.511749198778226,33.511749198778226,32.69034576416016,32.69034576416016,3575300,0.0,0.0
32.61498004895079,32.69033986287529,32.17036720818665,32.25326156616211,3021400,0.0,0.0
32.185450414527956,32.26834480146146,31.718230903711056,31.763446807861328,4260900,0.0,0.0
32.087486464956214,32.192987365079944,31.763446343328212,32.057342529296875,4014400,0.0,0.0
31.899079463231093,32.20051008506331,31.87647008244859,32.03472137451172,5274000,0.0,0.0
32.45672810660215,32.690339213100216,32.087475087102014,32.59237289428711,4836000,0.0,0.0
33.451453878597604,34.10706842116413,33.00684105670012,34.046783447265625,7597800,0.0,0.0
34.51401095791084,35.584097526472114,34.51401095791084,35.10934066772461,4983800,0.0,0.0
35.12441546622718,35.229916360083365,34.67980250305909,34.890804290771484,2634500,0.0,0.0
34.694858916149286,34.81543172288649,34.43110392506746,34.634571075439446,1819000,0.0,0.0
34.72501421400636,34.85312160546489,34.498937611953906,34.64965438842773,1486500,0.0,0.0
34.68732363896927,34.95861318953749,34.627038669222244,34.75514602661133,1481600,0.0,0.0
34.64212395103477,34.74008742387826,34.51401366970165,34.604442596435554,1214300,0.0,0.0
34.58936451488123,34.920939076522664,34.40850383373309,34.747615814208984,1952100,0.0,0.0
34.99629280387713,35.46351498949782,34.905863908946536,35.27511978149414,2633800,0.0,0.0
36.05885393788683,36.1342137715534,35.28266633656528,35.48613357543945,4401600,0.0,0.0
35.78001324996154,36.14173166080343,35.697118908474,35.832763671875,3530300,0.0,0.0
36.262315440187066,36.277387404536036,35.433377523775896,35.62177276611328,2333700,0.0,0.0
35.885529910604085,36.04378412077858,35.056591879732764,35.52381134033203,3242400,0.0,0.0
35.0641152989656,35.199760079109915,34.687324881827585,34.94354248046875,3036200,0.0,0.0
35.327875506818536,35.33541005140801,34.792830851104675,34.883262634277344,2588500,0.0,0.0
35.3806306821135,35.87045663716843,35.27512979563039,35.65192031860352,2819100,0.0,0.0
35.44844827608951,35.87045176469903,35.29773151243619,35.43337631225586,4013600,0.0,0.0
35.614240201896315,36.17189146010035,35.40323842161117,36.05885314941406,3010600,0.0,0.0
36.16435770502003,36.26985859746952,35.40323919574808,35.48613357543945,2620200,0.0,0.0
35.252519213844955,35.41830795822897,34.762693275402924,34.86065673828125,2902600,0.0,0.0
34.39342846153977,34.740074951806214,34.250249139390434,34.68732452392578,3729800,0.0,0.0
34.581822785899995,34.97368515064491,34.49892843715052,34.75514602661133,3625000,0.0,0.0
34.5064763182099,34.85312290474384,34.363294081614576,34.82297897338867,3286500,0.0,0.0
34.250251563357466,34.838043729728874,34.227642182178094,34.830509185791016,3557900,0.0,0.0
34.99629159570652,35.82523220711498,34.95107858714348,35.636837005615234,3540900,0.0,0.0
35.02644548266528,35.41830795822897,34.400974730578774,34.86065673828125,5992500,0.0,0.0
34.6044377955275,35.169623539898836,33.53435416603245,33.61724853515625,3830500,0.0,0.0
33.73028253804196,34.1296824020209,33.632319082917164,33.69260406494141,4414700,0.0,0.0
33.98649298732217,34.566750549260604,33.6699904306372,34.483856201171875,3980800,0.0,0.0
34.06186531412121,34.574300677340275,33.903613977602184,34.438655853271484,2455600,0.0,0.0
34.378365370690844,34.544154115197884,34.092006652503066,34.32561492919922,2846600,0.0,0.0
34.31807070973627,34.627038726240464,34.05431570194612,34.506465911865234,2755800,0.0,0.0
34.48385000616725,35.29018396337477,34.423565047730925,34.973678588867195,2777300,0.0,0.0
35.154562071148604,35.39570781105187,34.966166782181425,35.29020690917969,2209900,0.0,0.0
35.463528691359656,35.58410155607982,35.19223902706833,35.38063430786133,2924700,0.0,0.0
34.99630471799973,35.50120554217278,34.87573185881693,35.48613357543945,2374900,0.0,0.0
35.214831079941604,35.953339932420405,35.131936730483716,35.8930549621582,2183100,0.0,0.0
35.764948321780416,35.7800202845307,35.03397681383088,35.30526351928711,2336500,0.0,0.0
35.147012222433574,35.3881578770722,34.845581591476765,35.30526351928711,2439200,0.0,0.0
35.58559884063615,35.85834393259727,35.411345674129,35.5704460144043,2941400,0.25,0.0
35.29768099127144,35.32040877273271,34.69158273476703,34.82037734985352,3009600,0.0,0.0
34.96434442169526,34.98707221404383,34.426429251897076,34.6234130859375,2876500,0.0,0.0
32.676303489369005,33.41877419812189,31.7444268990943,31.88837432861328,10212300,0.0,0.0
31.668665359582462,31.97171595043391,30.698908093025214,31.850496292114254,6938100,0.0,0.0
31.812621630988755,31.880807882157164,31.411079089616948,31.752010345458984,6012500,0.0,0.0
32.32022640858052,32.66115764613932,31.97172020578929,32.41114044189453,4321100,0.0,0.0
32.78996326153145,32.858149531867035,32.28235660800448,32.32781219482422,4088100,0.0,0.0
32.191429564001915,32.259615806843385,30.206453556885638,30.365556716918945,11999900,0.0,0.0
30.55496562587161,31.001960840480226,30.335254056243404,30.759521484375,7919900,0.0,0.0
31.509570139622227,31.53987578157543,31.0928776781335,31.13075828552246,6223500,0.0,0.0
31.047421775141977,31.12318588627193,30.10796991797325,30.577695846557614,5343400,0.0,0.0
30.789834883671546,30.873173975224052,29.90341630648032,30.251922607421875,5864600,0.0,0.0
30.34282775864693,31.191365469693896,30.183727479720307,30.97165679931641,11114200,0.0,0.0
31.16864163491175,31.44138665627461,30.79740760369425,31.24440574645996,5069200,0.0,0.0
30.76710516854612,31.638370866446493,30.63830761053132,30.645885467529297,6550500,0.0,0.0
29.774608484741126,30.782249313555656,29.638235998283445,30.25948715209961,10365400,0.0,0.0
29.873108387348807,30.365565041780382,29.857955563662614,30.19888687133789,4495200,0.0,0.0
28.933638309446827,29.827634205302008,28.850302158226505,29.630653381347656,7192500,0.0,0.0
29.37307100764357,29.804916282668685,29.17608722844665,29.410951614379886,9440100,0.0,0.0
29.97915947224603,30.33524341604885,29.585194934233233,29.630653381347656,5551900,0.0,0.0
30.289796745566093,30.426169249826746,29.85795144544245,30.02462959289551,5554500,0.0,0.0
30.49436505426479,31.145922136474763,30.41860381265689,31.070158004760746,6872900,0.0,0.0
30.83528004502315,31.274700215162905,29.37306631574809,29.66853904724121,11455200,0.0,0.0
29.55489885478236,29.78976323895748,29.251851113055274,29.50944328308105,7617000,0.0,0.0
29.600356833947377,29.83522121429298,29.289731241931566,29.570051193237305,6065900,0.0,0.0
29.60037268841409,29.630678345356394,29.289746930021806,29.38066101074219,4875400,0.0,0.0
29.607933388257624,29.70642238108047,28.880612493697924,29.02456283569336,4458000,0.0,0.0
29.100333072221073,29.21397781009554,28.683640516857587,28.82001304626465,5341700,0.0,0.0
29.070021247406387,29.48671371424201,28.80485410217602,29.403377532958984,5598100,0.0,0.0
29.183666274804338,29.3048859553704,29.024565985956105,29.06244659423828,5527700,0.0,0.0
29.47913843599564,29.51701904346884,28.820006617625683,28.979106903076172,5582400,0.0,0.0
29.668544136125256,29.668544136125256,28.933648218335108,29.077598571777344,5295300,0.0,0.0
29.085174116491853,29.25942722508817,28.87304039995809,29.15336036682129,3723700,0.0,0.0
29.34277111412495,29.592788369749236,29.10033171539536,29.418535232543945,4262600,0.0,0.0
29.16851502233343,29.297309675441237,28.835161605373248,28.8881950378418,4760200,0.0,0.0
28.81243547376161,28.948808004516412,28.100270061013266,28.335134506225586,6169800,0.0,0.0
28.395743503058554,28.706369187306162,28.335135093747365,28.676063537597656,4342800,0.0,0.0
28.8806235920872,29.691280971303936,28.820015180144146,29.115488052368164,7954200,0.0,0.0
29.34276720887886,29.40337849554727,28.486651570371546,28.509382247924805,5043500,0.0,0.0
28.607873224308637,28.64575672613867,28.19875857153516,28.388164520263672,4666600,0.0,0.0
28.645751037248782,28.82757909345907,28.41846163182867,28.774545669555664,3667600,0.0,0.0
28.21391658252109,28.62303131052693,28.153305280531512,28.44877815246582,4117200,0.0,0.0
28.623018647545038,28.850308039345922,28.479071204161873,28.797271728515625,4725900,0.0,0.0
29.297316149578247,29.320046832877306,28.418472501471033,28.44877815246582,5620800,0.0,0.0
28.585134745805203,28.660898831027676,28.35784827034647,28.494220733642575,3853300,0.0,0.0
28.403321557520105,28.410896524946853,28.03208457128089,28.047237396240234,2477300,0.0,0.0
28.25935705350385,28.388154556287347,27.95630937596837,28.08510398864746,5400000,0.0,0.0
28.76697486548893,29.18366735218635,28.65333014634179,28.94880294799805,6548600,0.0,0.0
29.73672715809545,29.8503718574167,28.759391992267943,29.039714813232425,5012900,0.0,0.0
28.948804065116896,29.138210010934372,28.713942541970678,28.842737197875977,2464800,0.0,0.0
29.032142073744996,29.297309232074856,28.812430491068678,28.82758331298828,3410000,0.0,0.0
29.085174068577427,29.50186653541305,29.03214063953135,29.403377532958984,3638000,0.0,0.0
29.40337709004341,29.585205161146675,29.092751485979015,29.4715633392334,4203200,0.0,0.0
29.26700386313041,31.342891148831292,29.183664795072154,31.017112731933594,9191200,0.0,0.0
31.66867595369185,31.78232068580483,30.43374828449357,30.441326141357425,7276000,0.0,0.0
30.297365825336946,30.441313253646587,29.888248431061907,30.00946807861328,3281000,0.0,0.0
30.517082128269767,30.99438587502291,30.38828748475985,30.759521484375,3761400,0.0,0.0
30.873165654504746,30.9640796889205,30.441320378398604,30.56254005432129,2921200,0.0,0.0
30.85044348046686,31.691406399582004,30.57769843749919,31.32016944885254,4883900,0.0,0.0
31.176216346813607,31.418655699105745,30.971657601422443,31.07772445678711,3758900,0.0,0.0
30.80498125349851,31.054998475766325,30.115543763448915,30.16857719421387,4786000,0.0,0.0
30.274648082548488,30.5928515995674,30.06251433127296,30.58527374267578,4098900,0.0,0.0
30.417566027324547,30.67676343823028,30.11262687045357,30.661516189575195,2479900,0.25,0.0
30.752984885095373,30.80634878070141,30.45567092154335,30.600515365600586,3154600,0.0,0.0
30.493795958253173,30.57765436243677,30.1354929251469,30.15836524963379,3193600,0.0,0.0
29.472257784150237,29.73145520223796,29.32741328008652,29.57136344909668,2880100,0.0,0.0
29.342652890731177,29.578977919625093,28.991972069466772,29.007219314575195,4208500,0.0,0.0
29.09869826670407,29.34265126682309,28.930984396022502,29.121570587158203,2903900,0.0,0.0
29.083459966020193,29.26642111893487,28.66416793201761,29.03009605407715,3432100,0.0,0.0
29.243549544257647,29.586605315805844,29.060585496726976,29.274044036865234,2189800,0.0,0.0
29.769558533355646,29.769558533355646,29.327400140666214,29.586597442626953,3145200,0.0,0.0
29.350273227576825,29.350273227576825,28.32110896595953,28.336353302001953,3538800,0.0,0.0
28.557437986149395,28.801388110652127,28.389724093125558,28.64129638671875,3279700,0.0,0.0
28.100031217065354,28.572684202741552,27.817964441045746,27.93993949890137,4271600,0.0,0.0
27.856084742125663,28.260126628808898,27.741731838139955,27.772226333618164,3334200,0.0,0.0
28.145769833428673,28.496450666713127,27.993303193347753,28.046667098999023,4692500,0.0,0.0
27.91706364511643,27.93993596490025,27.047991104305968,27.16234397888184,6558700,0.0,0.0
27.40630550268836,27.741736282338888,27.108991394434277,27.43680000305176,4260900,0.0,0.0
27.581632500087142,27.657865809664607,26.99462671037469,27.291940689086914,4245500,0.0,0.0
26.682069754988714,27.25382839259561,26.598211356174666,26.887903213500977,9635700,0.0,0.0
26.758306262244574,27.42917062450633,26.72018959682275,27.360559463500977,5760700,0.0,0.0
26.65157711897345,26.819293928280853,26.40762698258905,26.52960205078125,6310500,0.0,0.0
26.14843317010881,26.613464089884143,26.079822003123674,26.49911117553711,5363000,0.0,0.0
26.788797568710297,27.025125519175816,26.735433661849502,26.887903213500977,4257000,0.0,0.0
26.613454442281427,27.35292976193124,26.453362746722497,27.23857688903809,5622400,0.0,0.0
27.41391393622018,28.473572573855535,27.383419451138,28.38971710205078,7349000,0.0,0.0
28.282988376972032,28.321107940040637,27.688360416965665,27.718854904174805,4088100,0.0,0.0
27.482531737903532,28.862376987275447,27.482531737903532,28.694660186767575,7817800,0.0,0.0
28.80901514838933,28.892873554665474,28.336359205399248,28.43546485900879,5763700,0.0,0.0
28.50407248790779,28.748022598800357,28.404966846571835,28.549814224243164,2585700,0.0,0.0
28.67940952899519,29.037712502689534,28.67940952899519,28.824256896972656,2710800,0.0,0.0
29.068218772066412,29.182568789422774,28.44309603788139,28.4964599609375,4353300,0.0,0.0
28.770898735989782,28.88524872981873,28.465959602882386,28.68704032897949,3906600,0.0,0.0
28.87762961070241,29.6018579472518,28.862382361624853,29.57136344909668,3654500,0.0,0.0
29.456991825689673,29.49510847011637,29.00720844198203,29.220666885375977,3976800,0.0,0.0
28.90048618905353,29.05295570396772,28.74039450704499,28.86236953735352,4019500,0.0,0.0
28.93859846105712,29.136809672881625,28.900481815125843,29.04532623291016,3561400,0.0,0.0
28.54219880463377,28.56507113459759,28.06192349712878,28.4964599609375,3874100,0.0,0.0
27.787463834105676,27.94755551703679,27.558761014473504,27.741722106933594,4303800,0.0,0.0
27.45203107561925,27.779839525783835,27.261444902645145,27.31481170654297,5376900,0.0,0.0
27.490153561724235,27.909442605257784,27.352931269932967,27.45203399658203,3691900,0.0,0.0
27.29956452824547,27.35292842415519,26.43811421009478,26.918392181396484,5787700,0.0,0.0
26.94126480721864,27.01749812244168,26.613456317153396,26.82691192626953,2971500,0.0,0.0
26.43810825481585,26.643941624723297,26.209405479845422,26.47622489929199,3874100,0.0,0.0
26.727805141512746,27.29193856801726,26.727805141512746,27.192832946777344,3023600,0.0,0.0
27.27669525707526,27.27669525707526,26.948886769515568,27.00225067138672,2927200,0.0,0.0
27.29956360059812,27.886569343772635,27.238574631279878,27.65786361694336,3715100,0.0,0.0
27.90944068951274,28.100026869683557,27.787465650527988,27.863698959350586,3023900,0.0,0.0
27.58164004901175,27.69599295278999,27.452039897522067,27.55114555358887,2338700,0.0,0.0
27.726479290855288,28.00854895794216,27.44441253188303,27.490154266357425,2271400,0.0,0.0
27.49015668154645,27.543520589064308,26.598211683677487,26.65920066833496,4738100,0.0,0.0
26.36188274900762,26.407621572637602,25.713887969143425,25.820615768432614,8688800,0.0,0.0
25.591911298447805,25.812991958981403,25.37083063791421,25.38607788085937,4971900,0.0,0.0
25.835862064923678,25.843487140658674,24.791450614031806,25.012531280517575,4502800,0.0,0.0
24.55512866315365,24.821951124458103,24.21969795227051,24.21969795227051,4877300,0.0,0.0
24.219697491241174,24.715219924605552,23.602197083752063,24.570375442504886,6288600,0.0,0.0
23.73179621407672,24.242567357754197,22.9846985573716,24.00624084472656,11314700,0.0,0.0
24.212070506041123,24.699972156393102,23.59457163834848,24.5627498626709,17180700,0.0,0.0
23.36586983655479,23.808029800378545,22.68738337156423,23.27438926696777,20321900,0.0,0.0
23.769906762981908,24.311170774352554,22.733117558708265,24.273054122924805,15480800,0.0,0.0
23.175282078797558,23.297257132839327,22.38244422752601,22.428184509277344,11284400,0.0,0.0
22.626391798826226,23.815649169427285,22.443429238276615,23.495464324951172,12588700,0.0,0.0
23.968118757442603,24.31117301406802,23.49546438428625,23.70892143249512,5879600,0.0,0.0
23.93000056187516,24.18157426411323,23.82327276518543,24.03672981262207,4457700,0.0,0.0
23.731792343729357,24.204446746758343,23.480218624681243,23.990989685058594,6090800,0.0,0.0
24.08246998407101,24.341667306949358,23.739414276126965,23.95287132263184,5045100,0.0,0.0
23.2286477843883,23.30488256259017,22.626396090114174,22.89321708679199,9880800,0.0,0.0
22.077503311555162,23.17528016115264,22.077503311555162,22.504417419433594,8793100,0.0,0.0
23.12192187618067,23.190533036820835,22.443435347691914,22.74837303161621,6215000,0.0,0.0
22.557776858690357,23.579318740299477,22.512036589768787,23.541200637817386,5854000,0.0,0.0
23.341379412050934,24.40968702613536,23.279894113382593,24.24828720092773,6819600,0.25,0.0
24.33283335877428,24.47117566614889,23.149240831317172,23.256839752197266,8523900,0.0,0.0
23.341383224095498,24.13300639049531,22.887928522637658,23.75640869140625,7976200,0.0,0.0
24.15606502998711,25.362715184520784,24.15606502998711,25.32428741455078,4706700,0.0,0.0
25.170565423224783,25.30890769674013,24.76322591334627,25.11676597595215,4910700,0.0,0.0
25.431880147523646,25.846906998533512,25.132139510188807,25.385765075683594,5783400,0.0,0.0
25.232051741479808,25.262792188064218,24.38662642563482,24.563396453857425,6472900,0.0,0.0
23.848630133615174,24.002342625674014,23.541202217647605,23.717973709106445,5771400,0.0,0.0
22.88024162610877,23.47972299204634,22.81875632021965,23.41823768615723,7343000,0.0,0.0
24.07920412396343,24.509601234802044,23.94854767493248,24.46348762512207,5625300,0.0,0.0
24.209858337279574,24.64794125359661,24.00234491399516,24.29440116882324,7357100,0.0,0.0
23.702608139229174,23.94086351628001,23.41055183684721,23.57963752746582,6718700,0.0,0.0
23.2799011053989,24.240610101839753,23.179986548850717,24.20218086242676,8383800,0.0,0.0
24.125313607645545,25.032222749825117,23.971601113025685,24.78628158569336,8185200,0.0,0.0
25.18594509717805,25.708570977952608,24.52497689903075,25.32428741455078,6395900,0.0,0.0
25.64707987836215,25.754678788885474,25.139825777430445,25.608652114868164,5687800,0.0,0.0
25.70088618711405,25.893027987671623,25.424204457066175,25.76237297058105,10766100,0.0,0.0
24.947679924932963,24.95536723547767,24.34819870384305,24.78628158569336,7835600,0.0,0.0
24.878511409476122,26.953642765758573,24.548028851570887,26.03904914855957,13448300,0.0,0.0
26.115907813412086,26.238878423225678,25.139827315332,25.17825508117676,6400500,0.0,0.0
24.30208355019836,24.81702337943872,23.56425863899321,24.03308486938477,8522300,0.0,0.0
24.071517944335934,24.663314879738465,23.95623318877153,24.071517944335934,6027900,0.0,0.0
24.78628350356821,24.824711263715333,24.086887714229906,24.663312911987305,5382400,0.0,0.0
25.23973615678314,25.43187787450169,24.655626624932715,24.78628158569336,5655600,0.0,0.0
24.955368385277602,25.03222390316611,23.956230527551607,24.00234413146973,6140800,0.0,0.0
24.56340255827293,24.970745094134642,24.20217656744845,24.64794540405273,5530900,0.0,0.0
24.12531669655108,24.18680199545634,23.287578582763672,23.287578582763672,5683200,0.0,0.0
23.05700956083444,23.42592136198574,22.580497384903442,22.75726890563965,5953900,0.0,0.0
22.34992848608584,23.602692061432872,21.919531372987645,23.56426429748535,6800000,0.0,0.0
23.56426695470577,23.902436886093486,23.19535510187848,23.63343811035156,5247200,0.0,0.0
23.86400483558151,24.47885931699047,23.741034232484765,24.46348762512207,4838000,0.0,0.0
24.85545467688104,24.85545467688104,23.894746012703276,24.29440116882324,4867100,0.0,0.0
24.840085924553453,25.32428396948873,24.8247142322864,25.30891227722168,3071500,0.0,0.0
25.116768668984747,25.477996080989122,25.04759752481051,25.28585433959961,5144600,0.0,0.0
25.816164730601567,26.338790506592368,25.60096691643489,25.68550682067871,5569900,0.0,0.0
25.86996423093717,25.962191446911092,25.331966762696997,25.88533592224121,4635200,0.0,0.0
26.092849281436404,26.200448188402483,25.654766342017194,26.154333114624023,4257100,0.0,0.0
25.9621875810959,25.992930959126248,25.477992570442535,25.53947639465332,4450400,0.0,0.0
25.86227712189653,26.646212772719608,25.401135226991748,26.33110046386719,5194000,0.0,0.0
26.16201816394227,26.269617061604247,25.823846849175997,25.92376136779785,3457100,0.0,0.0
25.985255036085853,26.254252351757717,25.50105693602563,26.054426193237305,3204300,0.0,0.0
26.76150704164948,27.12273452837172,26.59242133606019,26.961336135864254,5685900,0.0,0.0
27.16884263376316,27.737583511240235,27.130414869629,27.622297286987305,4205300,0.0,0.0
27.52238774896824,27.61461497617125,26.922903442521964,27.0074462890625,3137300,0.0,0.0
27.65304607400359,27.783704015808773,26.976706152064548,27.51470375061035,5809700,0.0,0.0
28.506152802316908,28.675238496257574,27.85287196421097,28.275583267211914,6283800,0.0,0.0
28.21409771449205,28.337068333990054,27.51470176637507,27.76064300537109,5165900,0.0,0.0
27.46089437347321,27.68377947315234,27.05355486373891,27.06123924255371,3999700,0.0,0.0
25.831540294204977,25.87765244309589,25.162887748629746,25.56254005432129,8440300,0.0,0.0
25.916080735995198,26.223505783501786,25.73162336201085,26.06979179382324,5758200,0.0,0.0
26.538623158910013,26.60010993914286,25.74699992044393,26.42333984375,3998000,0.0,0.0
26.100537934267177,26.338794790020646,25.762369466745213,26.192768096923828,2636300,0.0,0.0
26.200450555481048,26.53861899819057,25.79311096177973,26.092851638793945,4670600,0.0,0.0
26.523241522996894,26.553984901590763,25.916075920942678,26.438701629638672,3873700,0.0,0.0
25.5779091752004,25.631708631395675,24.89388500484577,25.001483917236328,6264900,0.0,0.0
25.401139827500238,25.547169440000644,24.978428546166004,25.31659698486328,3966500,0.0,0.0
25.785421822667576,25.962191877822537,25.631707838926193,25.72393798828125,2699300,0.0,0.0
25.570225915053268,25.685509212585067,25.293541310015982,25.501054763793945,2858800,0.0,0.0
25.385768193195272,25.654768414188307,25.05528413404848,25.39345550537109,2729100,0.0,0.0
24.947684191574858,25.024542650916853,24.42505986137629,24.46348762512207,6083000,0.0,0.0
24.186804258415943,24.255975409396783,23.456666448843645,23.86400604248047,8974900,0.0,0.0
24.209858334083172,24.932310193983398,24.025402446496404,24.763227462768555,7398600,0.0,0.0
24.040775608624607,24.84777181538355,24.01771807154286,24.67868614196777,6268900,0.0,0.0
24.167455152654856,24.67094349387095,24.089995066907395,24.430818557739254,4114500,0.25,0.0
23.958311240012584,24.074500619617282,23.60199546813965,23.60199546813965,5135100,0.0,0.0
23.462569099070887,23.9350727731204,23.40059985402505,23.60199546813965,1608500,0.0,0.0
24.407579655157253,24.90332330867655,24.330119570785968,24.59348297119141,3875800,0.0,0.0
25.04274846461852,25.081477763913746,24.80262208121831,24.82585906982422,3408100,0.0,0.0
25.941287949811414,26.026491246515327,25.352591823495523,25.71665382385254,5207500,0.0,0.0
25.871564231012176,26.04197371484788,25.50750236830078,25.592708587646484,2653300,0.0,0.0
26.072961135527738,26.158167364035826,25.817345404859534,25.89480400085449,3515100,0.0,0.0
26.545462793940878,26.83981073909901,26.37505035913529,26.46025657653809,4351400,0.0,0.0
26.491249422853095,26.60743733779829,26.25887063810615,26.42153549194336,3117200,0.0,0.0
26.274353905606123,26.73911432222136,26.096196780103163,26.58419418334961,3568000,0.0,0.0
26.320832188538876,26.413783094704037,25.732139176351442,25.89480400085449,4103600,0.0,0.0
25.786366576107174,26.529979902155258,25.73214495576137,26.33633041381836,3151200,0.0,0.0
26.103945452237863,26.336324192375866,25.763120542169872,26.28210258483887,3303200,0.0,0.0
26.336318835372516,26.68488835210588,26.003241625477894,26.11943244934082,4781700,0.0,0.0
25.801855316116228,25.894806230284058,25.313857845736603,25.499759674072266,4612400,0.0,0.0
25.60820685945817,25.79410869508857,25.41455739034361,25.615951538085934,4015200,0.0,0.0
25.871559746557164,26.32082479588506,25.832827504582266,26.235618591308594,5824000,0.0,0.0
26.506735355275396,26.684892479191696,25.220903237346374,25.40680503845215,6938100,0.0,0.0
25.0814759841874,25.59271038123424,24.585732419302605,25.36807632446289,8485900,0.0,0.0
25.13569594118318,25.569468761820318,24.841347987996745,25.39131164550781,4410100,0.0,0.0
25.1589357188502,25.530742301313282,25.120206420545802,25.28287124633789,3091000,0.0,0.0
25.430047719953645,25.894805227654,25.36807847633698,25.70890045166016,2000300,0.0,0.0
25.786358122603694,25.95676760717252,25.623693314892463,25.80959510803223,2320400,0.0,0.0
25.6391873043648,25.65467961573686,25.05049424650779,25.16668510437012,3465400,0.0,0.0
25.18992100261011,25.499758352058397,25.096970093261238,25.46102905273437,2710900,0.0,0.0
25.538489933887785,25.546234611606245,25.17442802914316,25.28287124633789,2011200,0.0,0.0
25.92579304963977,26.14267951935739,25.530746459960934,25.530746459960934,3483700,0.0,0.0
25.716643464584077,25.832831343208102,25.282867701763056,25.732135772705078,2952600,0.0,0.0
25.49975353295024,25.84057839424504,25.166679257825304,25.770864486694336,4499400,0.0,0.0
25.67791486418693,25.67791486418693,25.35258229458374,25.49201011657715,2980700,0.0,0.0
25.60820878230585,25.654682767274853,25.35259004554987,25.62370109558105,2898900,0.0,0.0
25.879313011257878,26.150421065930434,25.863820700297126,25.933534622192386,4170700,0.0,0.0
26.40603920796042,26.653910268395787,26.088454227099103,26.61518096923828,4348000,0.0,0.0
26.646165359394256,27.2890799934297,26.55321149639513,27.2193660736084,4630600,0.0,0.0
26.62293086830205,26.70039243666461,26.189157904898533,26.5532169342041,5297400,0.0,0.0
22.835142479086485,23.222441373823074,22.633746876532093,22.9280948638916,39944100,0.0,0.0
23.39285148600155,23.69494412080945,23.222439043861385,23.663959503173828,12155400,0.0,0.0
24.120972353930497,24.856840773590545,24.089989213616622,24.7174129486084,11161400,0.0,0.0
24.23716783587832,24.508275905912434,24.159707754113647,24.446308135986328,9253900,0.0,0.0
24.113229515337075,24.57024234787727,24.01253244868515,24.40757751464844,6688300,0.0,0.0
24.175198184140182,24.6941788026258,24.10548573688905,24.61672019958496,4394200,0.0,0.0
24.22941786349513,24.43855813066068,23.811134374308118,24.128719329833984,8055600,0.0,0.0
24.24490922860789,24.26040153834689,23.45482063848285,23.60973930358887,7952500,0.0,0.0
23.663960910247372,23.97380119531536,23.42383601900486,23.60973930358887,5162800,0.0,0.0
23.098505775937934,23.439329215956608,22.81190542205817,23.33863067626953,11752400,0.0,0.0
23.40834934128712,23.431587811486764,23.059781152862502,23.392858505249023,7145100,0.0,0.0
23.51679136578271,24.12097674751935,23.470314430704388,23.942819595336914,6183300,0.0,0.0
23.501291458109087,24.353349119247433,23.315388210167065,24.13646125793457,8525100,0.0,0.0
24.461797328502822,24.996270199353148,24.3765911016842,24.787128448486328,5882800,0.0,0.0
24.616718701330072,24.80262199668406,24.51602015962079,24.76389122009277,4498000,0.0,0.0
24.60122556985478,24.965285993097343,24.43855926845499,24.62446403503418,4433100,0.0,0.0
24.461797328502822,24.887826985167976,24.41532187634175,24.787128448486328,4259600,0.0,0.0
24.895572905647025,24.926557526920053,24.46179854982105,24.76389122009277,4806500,0.0,0.0
24.53926130555297,24.55475361788143,23.966059046254028,24.0512638092041,5477500,0.0,0.0
23.997034156306764,24.12096965856904,23.594243035240485,23.64846611022949,6743400,0.0,0.0
23.6329817629184,23.702695691099763,23.19920735890079,23.57876014709473,5704300,0.0,0.0
23.687204057145237,23.81888576110049,23.315397414481577,23.43933296203613,7521900,0.0,0.0
23.601995804944053,23.787899110450066,23.431584810920587,23.69494819641113,5036800,0.0,0.0
24.059000322838926,24.12871422294835,23.87309708168965,23.98928642272949,7765800,0.0,0.0
24.028024162066355,24.12872122621377,23.671708405040306,23.81113624572754,5571500,0.0,0.0
23.740849197141646,23.975134789831166,23.45970857127304,23.50656509399414,6860800,0.25,0.0
23.46751615640864,23.623706547581328,23.397230629335123,23.55342102050781,5618500,0.0,0.0
23.49875336036735,23.584658219092283,23.264469277807194,23.405038833618164,5515000,0.0,0.0
23.13951705085814,23.444088158429068,22.76466190720061,23.39723014831543,8372600,0.0,0.0
22.998952024399394,23.4831396413838,22.93647615480327,23.436283111572266,9781600,0.0,0.0
23.55342686924593,23.779902843730184,23.412855780192576,23.65495109558105,5840300,0.0,0.0
23.88923237444241,24.27970691277649,23.647138577747086,23.818946838378906,7838200,0.0,0.0
23.936089224938694,23.982945753099212,23.76428096198868,23.873613357543945,5142800,0.0,0.0
23.65494772566414,23.717423590838305,23.436281452783494,23.678375244140625,6253900,0.0,0.0
23.100470301138845,23.241041353019643,22.819328197377267,23.022375106811523,12463600,0.0,0.0
23.287899043136253,23.912659139583482,23.233232851224805,23.764278411865234,8018400,0.0,0.0
23.88142587915119,24.37342320744784,23.834569345394925,24.17037773132324,6227600,0.0,0.0
24.389039635936168,25.052848147511416,23.631519557582067,23.873613357543945,11962500,0.0,0.0
24.498371827182,24.498371827182,24.068848965191513,24.115705490112305,5388600,0.0,0.0
24.49837429546023,25.045037780059513,24.45932594614028,25.02161026000977,8402700,0.0,0.0
25.27151353873594,25.28713287834108,24.82637278678498,24.935705184936523,4703900,0.0,0.0
25.13874484548572,25.404267599383612,24.90446076359551,25.29493522644043,4785400,0.0,0.0
25.46674460772035,25.52141079347139,25.17779434316723,25.24026870727539,4251800,0.0,0.0
25.302751003745648,25.67760619902757,25.27932050592009,25.638559341430664,4036100,0.0,0.0
25.224653770643325,25.47455722882641,25.209034432121356,25.36522483825684,5424200,0.0,0.0
25.2558890744787,25.427698796189024,25.02941316478487,25.045032501220703,4649800,0.0,0.0
24.982561392814397,25.084084119857305,24.76389510978219,24.881038665771484,3466400,0.0,0.0
25.06065698469201,25.06846516497169,24.71703896023993,24.920085906982425,4118700,0.0,0.0
25.26370133030255,25.521415954458963,25.26370133030255,25.45893859863281,3600700,0.0,0.0
25.544842823667523,25.71665256873547,25.310558703446628,25.34960556030273,4823500,0.0,0.0
25.29494139156928,25.427704290418358,24.98256204306559,25.318368911743164,4659600,0.0,0.0
24.974752240825826,25.068465300109263,24.56085016482993,25.02161026000977,5441300,0.0,0.0
25.169987478406572,25.27931986855501,24.91227435195519,25.052846908569336,3970400,0.0,0.0
24.99817579780582,25.052844967729026,24.748273849487305,24.748273849487305,4197300,0.0,0.0
24.86541787699465,24.97475026736682,24.615514419262787,24.73265647888184,4065000,0.0,0.0
24.209420426853587,24.389038349949807,23.897041106350983,23.98294448852539,6337000,0.0,0.0
23.74085026020865,23.998563381027573,23.74085026020865,23.959516525268555,4373100,0.0,0.0
23.63932491259269,24.349988333077288,23.54561038383409,24.22503662109375,5109200,0.0,0.0
24.053230033037075,24.225039776550123,23.459710068576683,23.81113624572754,6673800,0.0,0.0
24.256270942791602,24.467127490467163,24.11569991100789,24.404651641845703,7674400,0.0,0.0
24.35780417249806,24.677993201770875,24.27970896033688,24.553041458129886,3344500,0.0,0.0
24.428087417250275,24.513990801961093,24.232850149978727,24.38122940063477,4020200,0.0,0.0
24.42808971448889,24.70142072273963,24.209423418346038,24.553041458129886,4212000,0.0,0.0
24.84199063684791,24.9903713840123,24.67018236981802,24.935705184936523,3792800,0.0,0.0
24.8888475175092,25.091894454464132,24.83417983139114,25.01379776000977,4463700,0.0,0.0
25.15436893669109,25.505796615502422,25.13094141779843,25.45893859863281,7101600,0.0,0.0
25.474556169691144,25.497986666042053,24.662369964363734,24.74046516418457,7312200,0.0,0.0
24.45932165103579,24.638939557739633,24.225037554425732,24.57646369934082,5300300,0.0,0.0
24.63893847967057,24.974746762449236,24.5530351090946,24.95912742614746,4257400,0.0,0.0
25.169986070556515,25.27151027533753,24.920082627314052,25.06065368652344,4004200,0.0,0.0
25.005988691870193,25.474556925615286,25.005988691870193,25.443321228027344,2854900,0.0,0.0
25.75569084439404,25.888453688372394,25.622930979498914,25.646358489990234,3398800,0.0,0.0
25.41208610736751,25.55265719297853,25.27932320247505,25.37303924560547,2116700,0.0,0.0
25.396463750435267,25.950936867219838,25.38084441176868,25.77912712097168,2645500,0.0,0.0
25.46675048799028,25.880652555413374,25.451131148585812,25.818178176879886,3763300,0.0,0.0
25.708843094284376,25.747892932783145,25.302752181473824,25.41208457946777,3478600,0.0,0.0
25.23246070271882,25.357412410879512,25.037223472525007,25.19341087341309,3633300,0.0,0.0
24.732653865427896,25.107510501957393,24.709224860162944,24.98255729675293,3286000,0.0,0.0
25.060652817576443,25.12312718667881,24.51398793728196,24.86541557312012,4105900,0.0,0.0
24.225041593101484,24.6623726748028,24.225041593101484,24.47494506835937,3453700,0.0,0.0
24.834176014204026,24.85760501893913,24.435893360500568,24.498369216918945,3150600,0.0,0.0
24.474943867533998,24.99817831221964,24.39684866296198,24.56865692138672,3114200,0.0,0.0
24.31875306525323,24.756085607969784,24.279706208369518,24.701417922973636,3964000,0.0,0.0
24.779513850613927,25.27932078313745,24.748276662102285,24.92789459228516,4365300,0.0,0.0
25.084080995195986,25.294937582260214,24.779511362464536,24.802940368652344,3421300,0.0,0.0
24.87322535689397,24.94351088438727,24.443702523374682,24.662368774414066,5971000,0.0,0.0
24.6233240417169,24.685799906031143,23.96732672164631,24.10008811950684,7365100,0.0,0.0
24.193795948371054,24.80293661109324,24.053224911624266,24.787317276000977,3996400,0.0,0.0
25.130941312149176,25.3027510608645,24.94351371408511,25.01379776000977,5309400,0.0,0.0
24.982314688310947,25.171216699981798,24.73044533941648,25.06889533996582,4073200,0.25,0.0
25.21843696041847,25.33649899898128,25.04527570083723,25.31288719177246,3767000,0.0,0.0
25.305024996002317,25.446701885755946,25.084638556245565,25.14760589599609,3290400,0.0,0.0
25.320759316598377,25.446696974311923,25.15547064462789,25.39159774780273,3002600,0.0,0.0
25.108246897149645,25.31289109834545,25.0767639822593,25.12398910522461,5811200,0.0,0.0
25.210561093643378,25.446691145247016,24.94295113860098,25.25778770446777,5363200,0.0,0.0
24.83276825357291,24.958702935901677,24.423481286634345,24.46283531188965,5862500,0.0,0.0
24.48644589094236,24.659605684475327,24.1243825937702,24.415607452392575,4067100,0.0,0.0
24.266062183093478,24.604512204824466,24.266062183093478,24.46283531188965,3162100,0.0,0.0
24.72257268583088,25.12398999845657,24.675347561186577,25.04528045654297,2822000,0.0,0.0
25.525410040116853,25.604118089185835,25.23418665553808,25.30502510070801,4072700,0.0,0.0
25.210567323432393,26.01340189072573,25.10824597721322,25.99765968322754,4816600,0.0,0.0
26.013404871254764,26.068501102551647,25.73005110885973,25.753665924072266,4267300,0.0,0.0
25.903216474509225,26.698178652657727,25.83237802279145,26.61947059631348,6574200,0.0,0.0
26.37546755207671,26.957917305478848,26.288889901825144,26.43056678771973,5804000,0.0,0.0
26.540759833867924,27.25701388264276,26.414825155045513,27.20191764831543,5417500,0.0,0.0
27.075978494997788,27.453782469030237,27.06023628743155,27.35932922363281,5376100,0.0,0.0
27.272752207969045,27.6269413774727,27.15468714978839,27.32784843444824,3981900,0.0,0.0
27.75286769950893,27.92602893213939,27.571836866539947,27.63480567932129,6483700,0.0,0.0
27.949649756068567,28.02836079744824,27.67416861753776,27.815845489501953,4448800,0.0,0.0
27.949644395245127,28.012613216271266,27.11532853427935,27.2176513671875,5854200,0.0,0.0
27.34359151336989,27.398687741604114,26.17082250698596,26.4935302734375,11570700,0.0,0.0
26.26527091889723,26.587978662789194,26.17869027986199,26.36759376525879,6600500,0.0,0.0
26.35972734769244,26.7532735708424,26.25740448896802,26.548627853393555,4132800,0.0,0.0
26.320375139795946,26.65882519384032,26.24166708177072,26.56437492370605,3865300,0.0,0.0
26.43056481453209,26.68243414787025,26.249530916333452,26.556499481201172,3520000,0.0,0.0
27.31209986388978,27.31209986388978,26.910681161605467,26.97364997863769,4299000,0.0,0.0
27.170435453036546,27.194047268962013,26.879212047383128,27.091724395751953,3861300,0.0,0.0
26.98152635093482,27.13107582765886,26.8870761042012,26.989398956298828,2024800,0.0,0.0
26.973659852854485,27.04449829668826,26.666694263747967,26.75327491760254,3009400,0.0,0.0
26.761140943322072,26.761140943322072,26.336110337147066,26.5092716217041,2722600,0.0,0.0
26.517143954917355,26.564370583528408,26.06063188842165,26.21017837524414,2430800,0.0,0.0
26.509274311619784,26.532886124630142,25.800889896114477,25.92682456970215,3191800,0.0,0.0
25.97404942131359,26.013403441145066,25.533276592651035,25.82450294494629,2969700,0.0,0.0
25.611987634885157,25.659211257675324,25.179085910439948,25.26566505432129,5531700,0.0,0.0
25.375859531015788,25.596244435556255,25.36011732318874,25.53327560424805,2744300,0.0,0.0
25.62772798900179,25.65920940107761,25.34437426268614,25.54901695251465,2537000,0.0,0.0
25.541155712093488,25.950444228267283,25.407348407517443,25.808767318725586,3157900,0.0,0.0
25.57263536446895,26.060631849306244,25.438828084864863,25.92682456970215,2714400,0.0,0.0
26.005531396365576,26.54862402509177,25.95830477549066,26.28888511657715,3681800,0.0,0.0
26.1708231383008,26.21017715905754,25.85598496720825,25.90321159362793,3843000,0.0,0.0
25.375857685224265,25.549015953688368,25.037406246599218,25.407339096069336,2881900,0.0,0.0
25.47817765207164,25.517531667713627,24.911471720025833,25.09250259399414,3513800,0.0,0.0
25.486052841786016,25.65921112867818,25.194826490954267,25.517534255981445,4118500,0.0,0.0
25.54902020566723,25.855985780755372,25.108248854032503,25.753665924072266,5965900,0.0,0.0
25.863850305699977,26.706038723838965,25.83236589693328,26.603715896606445,4558400,0.0,0.0
26.603728952718672,26.79263249550713,26.493536470475373,26.56437492370605,3041000,0.0,0.0
26.4148211184303,26.540755778007835,26.17082140189671,26.194433212280273,4328500,0.0,0.0
26.509274088017715,26.745401223687967,26.288889161728086,26.45417785644531,3856700,0.0,0.0
26.25740160316909,26.580109350584337,25.690694143310484,25.99765968322754,4726600,0.0,0.0
26.312493932442962,26.918555320056768,26.2731399207836,26.784748077392575,2918300,0.0,0.0
26.792618625217344,27.013003475612734,26.70603800469961,26.90281105041504,2088100,0.0,0.0
26.973655643519457,27.24913676959459,26.942171228391143,27.099590301513672,1702200,0.0,0.0
26.910687907706045,27.01301075977497,26.78475324459014,26.8398494720459,2340400,0.0,0.0
26.729658429840583,26.871335308648728,26.666692596214386,26.769012451171875,1970400,0.0,0.0
26.73752931812352,26.85559137453364,26.65094867524459,26.800495147705078,1494500,0.0,0.0
26.72179049756096,26.78475633512457,26.532886979831037,26.75327491760254,1818000,0.0,0.0
26.80049854514536,26.9185636190415,26.682436473768764,26.75327491760254,2291800,0.0,0.0
26.957914038493556,27.00514066224161,26.446302790040036,26.5092716217041,3569400,0.0,0.0
26.469925030890245,26.824117302092525,26.40695618155651,26.76114845275879,2089000,0.0,0.0
26.674564762541905,26.95791854738471,26.627341133414536,26.871337890625,2597900,0.0,0.0
26.729656838755428,26.99726837140573,26.68243321697661,26.95791435241699,2123700,0.0,0.0
26.95791349611287,27.39868630133575,26.95791349611287,27.23339462280273,3420700,0.0,0.0
26.98762320264069,27.177898518229657,26.90833930083561,27.027263641357425,3088000,0.25,0.0
26.995548791101452,26.995548791101452,26.377149508419823,26.408863067626953,3718500,0.0,0.0
26.42471801006393,26.440571764193802,26.052091276215574,26.37714767456055,2839200,0.0,0.0
26.527783925722737,26.995548330751014,26.1630870741743,26.9241943359375,5189700,0.0,0.0
26.74977772271998,27.939009038309628,26.710134259369685,27.732873916625977,6308400,0.0,0.0
27.709089099344073,28.065859083975496,27.685302417454306,27.891437530517575,3579300,0.0,0.0
27.764583651609694,27.89936173043911,27.613948794499546,27.77251052856445,1999900,0.0,0.0
27.8042271922132,27.891437970317327,27.463313982008838,27.495027542114254,2897400,0.0,0.0
27.43160124814877,27.74873081001185,27.280966369668217,27.582239151000977,2848200,0.0,0.0
27.590168946986594,27.685306615858515,27.407820488160425,27.526744842529297,2461800,0.0,0.0
27.6535866218784,28.72389334780444,27.6535866218784,28.486047744750977,5536600,0.0,0.0
28.62083343676374,29.389870681768155,28.58912289911284,29.37401390075684,4789300,0.0,0.0
29.389870159666227,29.389870159666227,28.93003561599375,28.953819274902344,3402800,0.0,0.0
29.11238756405497,29.492941274283996,28.96967954467257,29.24716567993164,3578400,0.0,0.0
29.413657441187834,29.49294135460065,29.04896051260503,29.21545219421387,2748700,0.0,0.0
28.96174964338969,30.032059788839764,28.96174964338969,29.98448944091797,5264400,0.0,0.0
29.897270955067743,30.238184133182763,29.82591696373271,30.09547615051269,4122800,0.0,0.0
30.07963115372878,30.07963115372878,29.714934177112397,29.841785430908203,2596600,0.0,0.0
29.619788933109856,29.889348156673893,29.548434932037853,29.80213737487793,2297100,0.0,0.0
29.81799123849329,30.158904429777635,29.6594264711378,29.89727210998535,2625100,0.0,0.0
29.81800184978447,30.02413400364261,29.635653360963527,29.81007194519043,2595000,0.0,0.0
30.055844870701947,30.055844870701947,29.500869549547534,29.643577575683594,4222600,0.0,0.0
29.429511135861727,29.643573143056948,29.30265991208364,29.33437347412109,5494900,0.0,0.0
30.904158342053627,30.92001512299003,29.389870542902575,29.39780044555664,9554800,0.0,0.0
29.699069692780636,29.802137254885587,29.04895680757403,29.14409446716309,6357800,0.0,0.0
29.120310014431528,29.27094489003832,28.898321139985423,28.93796157836914,4897800,0.0,0.0
29.09653120946885,29.13617165446445,28.795258383632518,28.88246917724609,3894400,0.0,0.0
29.056889242878388,29.207524135722355,28.470200404800963,28.557411193847656,4003700,0.0,0.0
28.747688269219537,28.92210985786769,28.557412921941662,28.660480499267575,2544000,0.0,0.0
29.064815614646268,29.128242741708913,28.79525637337375,28.99346160888672,4700900,0.0,0.0
29.52465199000819,29.572219308963362,29.191665635463252,29.231306076049805,5108500,0.0,0.0
29.88142832129776,29.921071798649553,29.334382811691732,29.43745040893555,5598100,0.0,0.0
29.381942661784414,29.683212416178137,29.358155979005822,29.453296661376953,1730100,0.0,0.0
29.42951600130087,29.580153933697158,29.12824618525277,29.239240646362305,3724600,0.0,0.0
29.263014005797444,29.39779510709552,29.001384728786498,29.041025161743164,1825200,0.0,0.0
29.263019638267757,29.556362527854386,29.167881975985665,29.231306076049805,2296000,0.0,0.0
29.366086372033106,29.556361691211208,28.969675928645092,29.14409446716309,2475500,0.0,0.0
29.318520271231947,29.603936315658704,29.294736608987087,29.556365966796875,3304500,0.0,0.0
29.944844271665325,30.127192706702356,29.86556037097211,29.9686279296875,2673200,0.0,0.0
30.27782682554951,30.896229138031327,30.190619073521557,30.5711727142334,3731300,0.0,0.0
30.571179132316953,31.10236775554504,30.571179132316953,30.769384384155273,3629300,0.0,0.0
30.674238655218964,30.7218089966327,30.05583933869857,30.27782821655273,2966700,0.0,0.0
30.46810432603695,30.53945832074503,30.17476146973546,30.48396110534668,1882900,0.0,0.0
29.992426031832057,30.071706938340263,29.810074502992286,29.921072006225586,2813000,0.0,0.0
30.150983060466604,30.222337074750566,29.833856460382968,29.94485092163086,2453300,0.0,0.0
30.983441821201076,31.237144263955564,30.55531781491351,30.65045547485352,6969300,0.0,0.0
30.713885366945647,30.729739124721984,29.99241841324417,30.00827217102051,3752400,0.0,0.0
30.52360211789742,30.650453330399536,29.976556831051692,30.02412414550781,3236700,0.0,0.0
30.190615210491814,30.83279807386025,30.15890165506419,30.801084518432614,3046800,0.0,0.0
31.046858119952578,31.18956608619661,30.674231427607516,30.7218017578125,4275200,0.0,0.0
30.54738791236836,30.70595269518283,30.15890737006316,30.65045547485352,2074000,0.0,0.0
30.674246368975503,30.920021991528372,30.618749135555888,30.89623832702637,2407600,0.0,0.0
30.674231433646327,30.872436606316395,30.34124819525865,30.642520904541016,2508100,0.0,0.0
30.729737654076523,30.943799666276067,30.34125709533691,30.341257095336914,3603000,0.0,0.0
30.365039024238907,31.21335712179704,30.317471707154063,31.04686546325684,3465200,0.0,0.0
31.10236627789413,31.10236627789413,30.277831743570427,30.49189376831055,3490100,0.0,0.0
30.317477127358387,30.729741396199838,30.269906777397214,30.45225524902344,2261800,0.0,0.0
30.55532044344673,30.705955336674474,29.928991160853766,29.99241828918457,3251300,0.0,0.0
29.738715251650227,29.99242076151492,29.437445440360513,29.643577575683594,3165900,0.0,0.0
30.12719706080904,30.143053843239368,29.32644920649543,29.532581329345703,5206400,0.0,0.0
30.02412277041068,30.41260629211492,29.976555458133124,30.31746864318848,4435800,0.0,0.0
30.421215656349958,30.564862777425326,30.19776593213236,30.469099044799805,3118600,0.25,0.0
30.540919220823973,30.63668294283706,30.437173412816733,30.56485939025879,1609100,0.0,0.0
30.95589846755763,31.18733024597168,30.92397621309905,31.18733024597168,1209500,0.0,0.0
30.915997240663533,30.971859663953925,30.62870303844225,30.708505630493164,2819400,0.0,0.0
30.79629977475561,31.06763293311677,30.38131947112827,30.421220779418945,3979900,0.0,0.0
30.389300763722677,30.87610158296339,30.34141736846269,30.852161407470703,3209400,0.0,0.0
30.93196151208664,31.083590729302458,30.70851177422041,30.80427551269531,2677100,0.0,0.0
30.931964021962727,31.051670987975374,30.628711651473356,30.852161407470703,2958800,0.0,0.0
30.987814117080422,31.04367652833919,30.62071435760023,30.62869644165039,2379000,0.0,0.0
30.365353957069345,30.445159606408982,29.926433540661158,30.149883270263672,4304200,0.0,0.0
30.125623566156648,30.392509765847816,29.71316672175716,30.0932731628418,3795000,0.5,0.0
30.14179934318961,30.43294680837249,30.012400812564373,30.37633514404297,3310800,0.0,0.0
30.392517755198316,30.66748700034359,30.31973087115837,30.65940093994141,2246800,0.0,0.0
30.408678386076225,30.813049125705447,30.376331071584854,30.62703895568848,2751000,0.0,0.0
30.7564402729774,30.82922713615067,30.513818424101228,30.61086654663086,2108100,0.0,0.0
30.918186381838144,31.063760094912983,30.554252099151057,30.62703895568848,3700900,0.0,0.0
30.6593876060366,30.990971470210148,30.424851850007965,30.497638702392575,2694200,0.0,0.0
30.643214246324593,30.796877102305714,30.44102887591061,30.50572967529297,1996600,0.0,0.0
30.74026297094317,31.38725863720344,30.683651312910985,31.21742057800293,5231500,0.0,0.0
31.492394301946483,32.001902333467676,31.45195784216635,31.79971694946289,4986200,0.0,0.0
32.28496413364961,32.30922848022894,31.532837261988693,31.58944892883301,5397300,0.0,0.0
30.2631001844889,30.48954986296573,29.575671263117727,29.91534423828125,12749500,0.0,0.0
30.327799265933546,30.56233498734822,29.826380515232373,29.93960380554199,6741300,0.0,0.0
29.745511373496328,30.101359607851983,29.745511373496328,29.988136291503906,2293200,0.0,0.0
30.036658586040712,30.036658586040712,29.51906452362663,29.599937438964844,2479400,0.0,0.0
29.745508638120928,29.915346682128853,29.171302966528387,29.68081092834473,2816100,0.0,0.0
29.28452979081213,29.61611369165009,29.130870012166664,29.13895606994629,2412600,0.0,0.0
29.203651846163787,29.753596233645908,29.147040196138,29.7374210357666,2712600,0.0,0.0
30.12562109629313,30.32780647277832,29.92343571980794,30.32780647277832,3284400,0.0,0.0
29.89109264270769,30.133714536913466,29.818305765935484,29.94770431518555,4322600,0.0,0.0
29.761687451304468,30.044748835625445,29.688900590776683,29.971961975097656,3028400,0.0,0.0
29.87491035461426,30.01239801596345,29.705075377451173,29.874910354614254,2275600,0.0,0.0
30.255021028061172,30.28737143023593,29.78595253694378,29.923437118530273,3534200,0.0,0.0
29.923435783836002,30.19032196221745,29.915349726205058,30.004308700561523,2915800,0.0,0.0
30.32781053012584,30.32781053012584,29.891089318066964,30.036663055419922,3407000,0.0,0.0
30.004315987663407,30.101367213429533,29.89109264270769,29.94770431518555,1790200,0.0,0.0
30.12561577963809,30.408674022720817,30.12561577963809,30.22266387939453,3050900,0.0,0.0
30.408678118831812,30.54616577335148,30.303543948726986,30.44911766052246,4401700,0.0,0.0
30.97480643918058,31.039507255918483,30.489562654065274,30.586610794067386,6740000,0.0,0.0
31.120375258116297,31.120375258116297,30.74835487616525,30.885839462280273,5015000,0.0,0.0
31.68648795494065,31.68648795494065,31.015231119375525,31.20124435424805,6005400,0.0,0.0
31.46003683093367,31.46003683093367,30.91817857244051,31.07992744445801,5472100,0.0,0.0
31.346825187166115,31.411526000409733,31.176990180058485,31.274038314819336,5469900,0.0,0.0
31.282115058012142,31.597523684777446,31.25785380521584,31.460039138793945,4004800,0.0,0.0
31.581360210444693,31.67840834275616,31.460050816331464,31.63797187805176,3068900,0.0,0.0
31.58943271486243,31.73500637920165,31.451945105163,31.565168380737305,3761700,0.0,0.0
31.46003825197275,31.629873186966105,31.3144645690918,31.3144645690918,3036200,0.0,0.0
31.45195198059082,31.65413732691512,31.403429471939262,31.45195198059082,4212400,0.0,0.0
31.41959871831439,31.75927167340437,31.233588586878344,31.3144645690918,4740600,0.0,0.0
31.686490794641685,31.759277649778994,31.46004417203844,31.66222953796387,3843300,0.0,0.0
31.72693271094181,32.04234144245002,30.982891917138282,31.12846565246582,7186400,0.0,0.0
31.25786262391512,31.395347208686786,31.136550155501343,31.18507575988769,3787700,0.0,0.0
31.338731101394558,31.460043552602762,31.14463179648219,31.37916755676269,4467200,0.0,0.0
31.532827453145906,31.565174763348697,31.16080407733049,31.524738311767575,4172400,0.0,0.0
31.629877687446537,31.686489340499357,31.403431075235282,31.549001693725586,4113300,0.0,0.0
31.371076214089584,31.443863055530056,31.185066082653538,31.3144645690918,4202400,0.0,0.0
31.484305810605804,31.68649117898364,31.411518954585613,31.557092666625977,3119100,0.0,0.0
31.24976721718007,31.338729264838772,29.899170559390306,30.295452117919922,7950900,0.0,0.0
29.94770580307082,30.33590147010765,29.76169557210139,30.20650291442871,9915100,0.0,0.0
30.08519345349032,30.32781535934409,29.794045932423824,29.85874366760254,5936100,0.0,0.0
29.640371766438772,29.74550592085903,29.122774709993248,29.52714538574219,9797000,0.0,0.0
29.567869025547466,29.64115772351913,28.85126876831055,28.85126876831055,7424100,0.25,0.0
28.647688356450363,28.94898494544712,28.403393740875305,28.79426574707031,6358200,0.0,0.0
28.818696564791093,28.88384345751659,28.35453582643382,28.49297142028809,6276100,0.0,0.0
28.468534461699203,28.66397199697455,28.03694725036621,28.03694725036621,6944400,0.0,0.0
28.289389258275275,28.411535010562268,27.988089568610093,28.19981384277344,4833300,0.0,0.0
28.41154225189485,28.96527850124357,28.41154225189485,28.94899177551269,5285400,0.0,0.0
29.00598871994155,29.43757911084335,28.9571316576176,29.128137588500977,5295300,0.0,0.0
28.981556203180162,29.388714900551964,28.851265544276156,29.19327735900879,3681000,0.0,0.0
29.201418347396718,29.47828634864911,29.087414424476425,29.429426193237305,3523600,0.0,0.0
29.559728705937786,29.77145302471105,29.39686456219877,29.47829818725586,4224200,0.0,0.0
29.519001591638656,29.64115042698121,29.380569144199413,29.429426193237305,2860100,0.0,0.0
29.37243437822389,29.698162647408033,29.364292569363037,29.5108699798584,2769000,0.0,0.0
29.478293720084054,29.633012924683467,28.924557579110257,29.04670333862305,5662600,0.0,0.0
28.891977650554015,29.258421059610477,28.80240224985421,29.02226829528809,4648000,0.0,0.0
28.981562101913227,29.02227735866248,28.71283581589321,28.77798271179199,3239100,0.0,0.0
28.672118290546997,29.12813720663239,28.54997252996367,29.07927703857422,3691300,0.0,0.0
28.704693743223793,29.437580783473102,28.509256163698996,29.09556579589844,12683000,0.0,0.0
27.71936704956203,28.71283223719556,27.312208320066844,28.46039581298828,18674000,0.0,0.0
27.646082335423714,28.09395638109368,27.491360007853608,27.62165069580078,9383500,0.0,0.0
27.483208181164702,27.54835505457953,26.95390070697789,27.043476104736328,8908300,0.0,0.0
27.320357524827372,27.507650218339624,27.198211736732645,27.39364624023437,4088600,0.0,0.0
27.01905455525541,27.589077419288692,26.937624048839808,27.385498046875,6553900,0.0,0.0
27.24706047296329,27.817083295461888,27.24706047296329,27.7193660736084,7046300,0.0,0.0
27.686801101862397,27.84152034266589,27.157493367658976,27.39364624023437,6083400,0.0,0.0
27.27149238588697,27.605362411462497,27.14934352754552,27.499500274658203,4123900,0.0,0.0
27.206347205111047,27.442500022640857,27.14120342125351,27.385498046875,4009000,0.0,0.0
27.60536803793403,28.012526840225824,27.564649672604734,27.931093215942386,5272700,0.0,0.0
27.971807756361514,28.01252612064483,27.564648964528732,27.654224395751953,2973800,0.0,0.0
27.76822167822853,28.00437446619314,27.646075933897205,27.86594200134277,2978600,0.0,0.0
27.67050792570429,27.857800575559924,26.96205257948955,27.385498046875,9061100,0.0,0.0
26.913193665184146,27.043484345341664,26.595610326448632,26.95390892028809,9166200,0.0,0.0
26.611893456086,27.38549562409275,26.587464927597445,27.320348739624023,5231600,0.0,0.0
27.22263710585537,27.47507667541504,27.165635123434647,27.47507667541504,2934800,0.0,0.0
27.548362659240922,27.646079889963875,27.36921181426988,27.629793167114254,2993200,0.0,0.0
27.70308341697384,27.874089356901933,27.62164979816884,27.75194358825684,2862800,0.0,0.0
27.792658388445066,27.865947090979557,27.7030829624168,27.784513473510746,3372300,0.0,0.0
27.60536140618048,27.817082565704478,27.523927801460186,27.792654037475586,2675000,0.0,0.0
27.589083665626006,27.686800916723442,27.010915756225586,27.010915756225586,4156600,0.0,0.0
27.418065828896257,27.43435254993559,27.10048253456532,27.124914169311523,4690000,0.0,0.0
27.23891759105289,27.24705939823017,26.831758891953072,27.05976676940918,5345100,0.0,0.0
27.548365153357377,27.589080410980237,27.03534420945924,27.09234619140625,5184400,0.0,0.0
27.344785804713826,27.43435812908428,27.07605951247734,27.1900634765625,4468300,0.0,0.0
27.173775407882662,27.279637557742447,26.815476809001304,27.002769470214844,4836200,0.0,0.0
27.19820476240175,27.401784130065323,27.08419770715547,27.30406379699707,4892300,0.0,0.0
27.43435514981833,27.621647799958268,27.07605657212125,27.133058547973636,4002300,0.0,0.0
27.89037033093628,28.39524623794507,27.743792953679808,28.18352508544922,6263800,0.0,0.0
28.31380838334147,28.338236904410305,27.90664979820232,28.061368942260746,4317900,0.0,0.0
28.126526250867748,28.468538098321005,27.94737541284482,28.354534149169922,3193300,0.0,0.0
28.24053023611082,28.31381893299799,27.971803978732996,28.102094650268555,3261000,0.0,0.0
28.036951919230447,28.093953896016732,27.57279119032797,27.629793167114254,4607800,0.0,0.0
27.86594435310688,28.069523717214608,27.77636893587954,28.01252174377441,3497300,0.0,0.0
28.509256425771984,28.92456012118928,28.41968410347362,28.77798271179199,5541200,0.0,0.0
28.8105582759737,28.88384698605565,28.45225653496189,28.541831970214844,1968300,0.0,0.0
28.688411611416303,28.94899302157609,28.598836169228477,28.94085121154785,3928200,0.0,0.0
28.88383885098339,29.10370491930441,28.834978689231725,28.99784278869629,3210000,0.0,0.0
28.92455814950489,29.022275380317048,28.606974819584302,28.68026351928711,2943600,0.0,0.0
28.680253318023386,28.75354199165818,28.46852910246789,28.598819732666016,2031800,0.0,0.0
28.354540993311506,28.444116433944444,28.191676838194837,28.33011245727539,3614100,0.0,0.0
28.264963488432713,28.680267208968548,28.2323900385132,28.66398048400879,2792900,0.0,0.0
28.582547229954766,28.67212266520772,28.41968619099507,28.541831970214844,3360800,0.0,0.0
28.574402340664,28.753553191860124,28.419683127778626,28.46854019165039,3389400,0.0,0.0
28.50925379230071,28.598829212699737,28.264959167996334,28.50111198425293,2551900,0.0,0.0
28.541827855915603,28.834982653985172,28.53368604769134,28.76169395446777,2343500,0.0,0.0
26.807332552409516,27.73565717906568,26.807332552409516,27.53207778930664,22521700,0.0,0.0
27.1218806108284,27.48284823716887,26.982413783471195,27.105472564697266,11498600,0.25,0.0
26.75270651777968,27.179306314629933,26.670666289819227,27.064453125,6345900,0.0,0.0
26.90858426416043,27.203922891725057,26.85936324590993,26.97421646118164,3728400,0.0,0.0
27.130090874086648,27.253149690715045,26.990627136122466,27.072664260864254,4211100,0.0,0.0
26.998823755770413,27.343386490076586,26.892173013066717,27.154695510864254,3451700,0.0,0.0
27.064459671733943,27.679747447455693,26.990625013466712,27.491056442260746,4940700,0.0,0.0
27.22032770007116,27.523868751365494,27.14649305197091,27.154695510864254,6778300,0.0,0.0
26.851154475588647,26.957805218355965,26.498389282178675,26.79372787475586,6702200,0.0,0.0
26.53120509678256,26.670668803185936,26.375333343240854,26.5476131439209,7353200,0.0,0.0
26.473781740319662,26.539410807399374,26.32611242749608,26.41635513305664,6435300,0.0,0.0
26.36712909400238,26.61324355454669,26.30150003163097,26.44096374511719,4917400,0.0,0.0
26.51479820510036,26.859360950990734,26.432761095348678,26.834747314453125,3353400,0.0,0.0
26.81013532846909,26.875764386747036,26.605039435888706,26.63785552978516,3675500,0.0,0.0
26.408147337404518,26.580430274315237,26.309702180252057,26.531206130981445,4050200,0.0,0.0
26.892175652841875,26.982418357102198,26.654266767400948,26.84295463562012,5081300,0.0,0.0
27.031641646451586,27.835617240564915,26.92499089666163,27.827411651611328,4720700,0.0,0.0
27.74536792597795,27.876629152311693,27.646922788606272,27.761775970458984,4296600,0.0,0.0
27.860225230671745,28.073526710975628,27.523868092821733,27.64692687988281,4563500,0.0,0.0
27.630519223726253,28.147361755371094,27.622313635398164,28.14736175537109,4024700,0.0,0.0
28.073529390034174,28.130955994938923,27.60591096180113,27.74537467956543,5786400,0.0,0.0
27.47464785811647,27.58950106021157,27.294162466529865,27.43362617492676,5449500,0.0,0.0
27.466443130766297,27.712557590045247,27.18751257571279,27.425424575805664,8205600,0.0,0.0
27.121883962141982,27.409016981129326,26.662468002247017,27.25314521789551,9519500,0.0,0.0
28.032508860055017,28.697020767874587,27.52387185441772,28.623186111450195,10794800,0.0,0.0
28.61498397226307,28.7626532867665,28.36066390183707,28.532943725585934,4601100,0.0,0.0
28.295039764254547,28.52474623594469,28.130962371826172,28.130962371826172,5002600,0.0,0.0
27.97508744073703,28.295039764254547,27.85203174355272,28.130962371826172,5141600,0.0,0.0
28.35245396695073,28.549344248035933,28.286821786912604,28.426288604736328,4359300,0.0,0.0
28.4426958682182,28.68881343416396,28.418085363429565,28.614978790283203,3112100,0.0,0.0
28.63138995601083,28.656000463480755,28.254011107552515,28.590368270874023,1626800,0.0,0.0
28.7052266083646,28.90211694087543,28.55755729422377,28.86930084228516,2179300,0.0,0.0
28.984156290323998,29.066193404745317,28.63139106518475,28.80367088317871,3083100,0.0,0.0
28.943129747521606,29.000556343884558,28.70522090380998,28.844684600830078,2784100,0.0,0.0
28.902110767720984,29.04978005032137,28.86109221800193,29.016963958740234,2064200,0.0,0.0
29.353324280755963,29.574828228857697,29.263081583805427,29.55842018127441,2258900,0.0,0.0
29.509201766859764,29.61584939127076,29.3861429639051,29.58303642272949,2788300,0.0,0.0
29.624044552324424,29.67326555256729,29.44355920606257,29.56661796569824,1783400,0.0,0.0
29.525604704244397,29.747105503990717,29.328711279507342,29.738903045654297,2616000,0.0,0.0
29.73069957063796,29.86196080613574,29.68147543375827,29.77992057800293,2169600,0.0,0.0
29.99323257167693,30.25575513483909,29.9440084175156,30.07526969909668,2914700,0.0,0.0
30.25574360550651,30.25574360550651,29.84555186568489,30.050647735595703,3927300,0.0,0.0
30.157301570277163,30.157301570277163,29.81274193974995,29.952205657958984,2442400,0.0,0.0
30.116283241483075,30.21473153339134,30.058856635960893,30.12448883056641,3178600,0.0,0.0
30.313182138858473,30.534686141152683,30.108086188161888,30.2885684967041,4316000,0.0,0.0
30.329585322429317,30.501865142279,30.08346771748365,30.28036117553711,3425400,0.0,0.0
30.41161653389809,30.66593654919673,30.370597984208565,30.64952850341797,3911000,0.0,0.0
30.5018724894033,30.624931321517874,30.34600068097213,30.395221710205078,2918000,0.0,0.0
30.41981622483501,30.50185330831163,30.24753334231148,30.34598159790039,3608500,0.0,0.0
30.452639813236882,30.55929056260554,30.28856245948092,30.37880516052246,3588500,0.0,0.0
30.682349561695887,31.026909190281334,30.52647466632273,30.93666648864746,3575600,0.0,0.0
30.9366692570688,31.03511755648753,30.78079747726244,30.928466796875,2244900,0.0,0.0
31.190984608936486,31.207392656352773,30.747976717241798,30.91205406188965,3060600,0.0,0.0
30.969481603557853,31.03511379521611,30.51827123921037,30.641326904296875,3188500,0.0,0.0
30.66593744630282,30.69875040930551,30.27215372463704,30.354190826416016,2636000,0.0,0.0
30.428023699348408,30.567487390160842,30.181909278816967,30.296762466430664,3024300,0.0,0.0
30.157301570277163,30.17370961880444,29.747109745640806,29.952205657958984,3417800,0.0,0.0
29.71429809329809,29.90298596544056,29.68148199479103,29.77172470092773,4313700,0.0,0.0
29.89478062608969,30.10808213865417,29.697890292431406,30.01783943176269,2067600,0.0,0.0
30.02604111086709,30.403419978009943,30.00963619141837,30.28036117553711,2598500,0.0,0.0
30.263948014170907,30.395209254194523,29.95220139554679,30.09987068176269,3191500,0.0,0.0
30.058852405618342,30.181911188427314,29.79632992317306,29.960407257080078,2771900,0.0,0.0
29.878367652545233,29.88657324064599,29.36973072332007,29.443565368652344,4006800,0.0,0.0
29.574832591860513,29.763520472631697,29.4927954713567,29.665075302124023,3056900,0.0,0.0
29.81376264057315,30.416811490336052,29.78898080400672,30.094635009765625,3238500,0.25,0.0
30.268115705277623,31.07768830434018,30.152462927026097,30.90420913696289,3665900,0.0,0.0
30.83812482748981,30.970299888428844,30.664642499574427,30.87116622924805,2246000,0.0,0.0
30.871165190605087,31.24290852177091,30.862905628268923,30.9620361328125,3294400,0.0,0.0
30.491172932483927,30.598566188124572,30.17725588208213,30.21030044555664,4570400,0.0,0.0
29.978984052032608,29.978984052032608,29.67332667647038,29.71463394165039,4071400,0.0,0.0
29.63203109330153,29.970729966692492,29.59898968346794,29.797250747680664,1878300,0.0,0.0
29.77246807691433,29.87985817067555,29.590726147006556,29.81377220153809,2700700,0.0,0.0
29.68985202088915,29.99550942804273,29.532895111409196,29.72289657592773,3326300,0.0,0.0
29.037234732744576,29.722891807636557,29.00419018300716,29.64028358459473,5601200,0.0,0.0
29.260282003031502,29.76420043339881,29.260282003031502,29.689851760864254,3750500,0.0,0.0
29.673329626495015,29.83854924973497,29.417242204210183,29.62376594543457,2749200,0.0,0.0
29.71463214300573,30.12767955938867,29.648543043759638,30.094635009765625,2879700,0.0,0.0
30.524212101329464,30.937259617852725,30.51594938626961,30.72247314453125,3591900,0.0,0.0
30.623336753508386,30.920731412613375,30.57376992655693,30.90420913696289,2821500,0.0,0.0
30.986818280951343,31.011603270811502,30.623337659789268,30.714208602905273,3413600,0.0,0.0
30.763779396265203,30.937258591135112,30.548992930071865,30.92073631286621,2155300,0.0,0.0
31.309002204183468,31.358565888052315,30.78856146444394,30.84638786315918,2613700,0.0,0.0
30.92899658269535,31.152042617465806,30.904214740377217,31.077693939208984,1561100,0.0,0.0
30.838135443854767,31.160312068850107,30.425087842311374,31.10248565673828,3392000,0.0,0.0
31.03639223278043,31.259438284903183,30.970306264356662,31.14378547668457,2551000,0.0,0.0
31.028124587448517,31.061165987403704,30.606814437175817,30.63159942626953,4171300,0.0,0.0
30.846383489240004,31.102474041024934,30.606815213502674,30.89595031738281,3915500,0.0,0.0
29.46680840932041,29.46680840932041,28.310277250179723,28.53332328796387,26996600,0.0,0.0
27.500703755422826,27.508963318984684,26.938958894144854,27.01330757141113,23729400,0.0,0.0
26.988529213816552,27.26940171351393,26.8398349740268,27.20331573486328,9245000,0.0,0.0
27.153743662867807,27.343745147972946,27.046353574310054,27.162006378173828,5761000,0.0,0.0
27.07113645380981,27.13722242227469,26.87287224580981,26.96374320983887,4672000,0.0,0.0
26.996787094607573,27.021568938249327,26.60852140393931,26.9141788482666,5126000,0.0,0.0
26.732432978288934,26.85634532950741,26.51764652742683,26.707651138305664,4472300,0.0,0.0
26.575475156540637,26.83156574601234,26.53417103599421,26.73243522644043,4841000,0.0,0.0
26.534175405345454,26.85635201048341,26.484611713049112,26.790266036987305,4133200,0.0,0.0
26.55069683528007,26.71591649067746,26.52591498992644,26.59200096130371,3636400,0.0,0.0
26.57547912631237,26.58374184243736,26.195476118437576,26.20373725891113,5913000,0.0,0.0
26.16242921272098,26.236777890193114,25.97242773724829,26.104602813720703,3967600,0.0,0.0
26.278079835803513,26.377211922778702,26.203731164484893,26.31938552856445,3173800,0.0,0.0
26.393735548899173,26.70765252732275,26.311125734806076,26.641563415527344,2584000,0.0,0.0
26.575473184284768,26.69938868803027,26.344167605348808,26.51764678955078,3806500,0.0,0.0
26.344170212092944,26.691131766130734,26.302866090524805,26.401996612548828,4096900,0.0,0.0
26.43503799455101,26.633302166083062,26.344167047236404,26.56721305847168,3569400,0.0,0.0
26.71591543420403,27.19504894947617,26.666348594154076,27.17026710510254,3619600,0.0,0.0
27.294178337801576,27.302437900859807,26.947216814613977,27.046350479125977,3163100,0.0,0.0
27.054608708106265,27.657657623291016,27.054608708106265,27.657657623291016,4554600,0.0,0.0
27.748529527345514,28.285492505962253,27.64939901560011,28.23592567443848,5580000,0.0,0.0
28.194624718825636,28.22766612557785,27.880707719910827,27.96331596374512,3716700,0.0,0.0
28.48376258277019,28.764635081406862,28.450718017918078,28.657241821289066,6024100,0.0,0.0
28.748106379980808,28.789410501171808,28.458974380341314,28.6076717376709,4037500,0.0,0.0
28.715055517909132,28.83071144367429,28.54983906941957,28.82244873046875,2942300,0.0,0.0
28.739848623311158,28.896805554226784,28.682022219747356,28.888545989990234,3473800,0.0,0.0
28.69027739846776,28.9215829773662,28.56636504604452,28.83071517944336,5577100,0.0,0.0
28.607669007019876,28.863756424741602,28.533320335451798,28.62419128417969,4172900,0.0,0.0
28.64071302484224,28.789410381554,28.49201881943292,28.78115081787109,3500100,0.0,0.0
28.913324986515804,29.103326458270914,28.85549858864696,29.07854461669922,2223600,0.0,0.0
29.0785396324416,29.28506334694573,29.020713244484593,29.23549652099609,3114800,0.0,0.0
29.524644863619585,30.0037784576416,29.48333758113739,30.0037784576416,4364200,0.0,0.0
29.822034050567602,29.954209150271,29.30159636809337,29.458553314208984,4710500,0.0,0.0
29.491591400018397,29.970724849477342,29.24376353641533,29.962465286254886,3273200,0.0,0.0
29.76420081052824,29.879853602313556,29.607243900434195,29.8220272064209,1851200,0.0,0.0
29.549419713186193,29.64029067103879,29.169416754259373,29.4668083190918,4744400,0.0,0.0
28.971149833814344,29.673329285384455,28.88027888451187,29.59898376464844,4053000,0.0,0.0
29.615507171216887,29.93768689748481,29.50811708043021,29.83029365539551,2201600,0.0,0.0
29.714640001362167,29.788988682025472,29.49159395937224,29.739421844482425,4319200,0.0,0.0
29.698117071253638,29.75594347146848,29.35115551866211,29.4668083190918,4634700,0.0,0.0
29.4337681443784,29.50811682652316,29.095069292675085,29.417245864868164,5361000,0.0,0.0
29.433883919634603,29.908086981963027,29.359009584867874,29.74169921875,4535800,0.25,0.0
29.683458155652154,29.949677255144657,29.508752466656823,29.84984588623047,3888000,0.0,0.0
29.75001931726133,30.2325435479052,29.492121280646643,30.049516677856445,6938800,0.0,0.0
30.182625431949887,30.299095919288263,29.97464151210771,30.19926452636719,2247300,0.0,0.0
29.899761817987127,30.14102388344592,29.741695209711818,29.916400909423828,6090200,0.0,0.0
30.032873701145157,30.23253964026212,29.957999370674106,30.10774803161621,3291800,0.0,0.0
30.20758650571534,30.30741790143016,29.97464235093697,30.04119873046875,1403700,0.0,0.0
29.866490498411704,30.14102760707809,29.84985140491941,30.01623916625977,2539600,0.0,0.0
29.883123464044647,29.949679831434,29.650182525346494,29.82488822937012,3788000,0.0,0.0
29.317407968750878,29.608584119872305,29.25085160644768,29.575305938720703,5142800,0.0,0.0
29.117744457596192,29.275811070733518,28.96799580364197,29.10942649841309,4708600,0.0,0.0
29.18430428161349,29.492119585158825,29.042873570093093,29.40060615539551,4529500,0.0,0.0
29.275807982695365,29.87480253532977,29.259168892501968,29.616901397705078,3324600,0.0,0.0
29.650189659542193,29.82489540560213,29.52540120103496,29.69178581237793,2864000,0.0,0.0
29.650181693074213,29.75001306777372,29.40060166953436,29.433879852294922,3243400,0.0,0.0
29.4754804912398,29.650186217015587,29.242539523538753,29.40060615539551,2997500,0.0,0.0
29.367326680814696,30.007917487507463,29.31741257482729,29.941364288330078,6797100,0.0,0.0
29.849854139390413,30.540359127871838,29.849854139390413,30.34069633483887,6702600,0.0,0.0
30.274130369535275,30.581945595925593,30.23253423195527,30.40723991394043,4329200,0.0,0.0
30.482123814966375,30.906412802996932,30.16598735751379,30.87313461303711,5451100,0.0,0.0
32.10439738721865,32.312381303131296,31.022881659189462,31.6551513671875,16530400,0.0,0.0
32.44548556826816,32.47876375102354,31.971282571541586,32.320693969726555,11550300,0.0,0.0
32.81985819889545,32.95296776042537,32.512042932904166,32.57027816772461,6279700,0.0,0.0
32.61187213938144,32.84481306315421,32.54531577625661,32.811534881591804,1731000,0.0,0.0
32.861459055101236,32.96961158110094,32.73666743482599,32.894737243652344,1832300,0.0,0.0
33.36893611158936,33.618516147058514,33.12767403541684,33.185909271240234,4184400,0.0,0.0
33.32734480547355,33.42717619943548,33.11103974937613,33.393898010253906,3001800,0.0,0.0
33.418853759765625,33.66843699529409,33.235830073582804,33.418853759765625,2499700,0.0,0.0
32.9779311559665,33.26911055966995,32.95297410012271,33.11936187744141,2953600,0.0,0.0
33.21086508594965,33.29406054372941,32.98624528389983,33.15262985229492,2655900,0.0,0.0
33.12767532161684,33.14431441443845,32.586915912453144,32.63683319091797,3599900,0.0,0.0
33.002879624957565,33.16926735898468,32.64515028113507,32.853134155273445,3763600,0.0,0.0
33.07775338521121,33.086074517241485,32.53699722577812,32.77825927734375,4236700,0.0,0.0
32.88640811895469,33.27741880546514,32.73665948044354,33.244140625,4467500,0.0,0.0
33.52701636449907,34.350634307506716,33.42718494441996,34.31735610961914,6450500,0.0,0.0
34.101048916712735,34.849789212326264,34.05944958897047,34.458778381347656,7469500,0.0,0.0
34.517012244835065,34.67507887918807,34.26742900569081,34.54196929931641,3387000,0.0,0.0
34.566920574448964,34.74162627377419,34.45876806714098,34.591880798339844,4416000,0.0,0.0
34.4920539080147,34.60020643933516,34.29239111405077,34.55028915405273,2253300,0.0,0.0
34.6334745817648,34.658431630374096,34.29238116524911,34.40885162353516,2297800,0.0,0.0
34.63348153109416,34.69171677192229,33.70171133067895,33.96793365478516,3915300,0.0,0.0
34.35061663837699,34.43380891672021,33.90968867712835,34.17591094970703,3538700,0.0,0.0
34.0178543430481,34.034493439872605,33.56860824953575,33.818191528320305,2908100,0.0,0.0
33.42717077172465,33.42717077172465,32.53699998394656,32.57027816772461,6148400,0.0,0.0
33.41884747774246,33.452125659368356,32.4621235578633,32.75329971313477,5824100,0.0,0.0
33.60186563479179,33.95128010456079,33.502034289249764,33.768253326416016,5928200,0.0,0.0
33.48541080931203,33.502049903587576,32.73666743482599,32.894737243652344,4496500,0.0,0.0
33.26910713094085,33.460451944383266,33.05280209064418,33.31070327758789,2034400,0.0,0.0
32.69506719223858,32.97792541234128,32.5702787611706,32.603553771972656,3267800,0.0,0.0
32.79489059408886,32.80321172495193,31.580265721770374,32.23749542236328,9866400,0.0,0.0
32.38724825209849,32.586910988624176,32.16262529332061,32.48707962036133,2653400,0.0,0.0
32.38724990745733,32.48708128082269,32.11270966372489,32.129348754882805,3498100,0.0,0.0
32.64515594294308,33.41053520919634,32.59523866200293,33.38557815551758,3158200,0.0,0.0
33.57691676995858,33.635152000173925,32.93632606400775,33.202545166015625,2905300,0.0,0.0
33.10271721780518,33.576920240621355,33.002882664046346,33.535324096679695,2513900,0.0,0.0
33.09440050502901,33.68507725278924,33.06944345004716,33.51036834716797,3118000,0.0,0.0
33.51868555229239,33.67675217128747,33.44381122254053,33.61019897460937,1753700,0.0,0.0
33.27741920193768,33.493721030374196,33.16094874250402,33.47708511352539,1557900,0.0,0.0
33.535318634159324,33.918008173818656,33.34397386432965,33.90968704223633,1517800,0.0,0.0
33.8514630719353,33.942976508280374,32.769947278076,33.07776260375977,4268500,0.0,0.0
33.194971879566445,33.21171306440201,32.75125383349651,32.80148696899414,2781000,0.25,0.0
32.83497808111888,32.86009305383727,32.525211847160634,32.74288558959961,2814400,0.0,0.0
32.65915913684285,33.11124774471428,32.65915913684285,33.002410888671875,2317900,0.0,0.0
32.885206619532546,33.454502730326645,32.87683602687252,33.228458404541016,1946400,0.0,0.0
33.487984655932976,33.680540184465016,33.194966067658804,33.554962158203125,2240500,0.0,0.0
33.57170248085562,33.7642611981223,33.412635707529894,33.672168731689446,2581700,0.0,0.0
33.70565704028727,34.015423215155394,33.67217148093832,33.86472702026367,3672000,0.0,0.0
33.42937907542037,33.47961219932373,33.11961612884025,33.20333480834961,6653200,0.0,0.0
32.38288370510435,32.701020476032575,32.232187508015365,32.248931884765625,4305700,0.0,0.0
32.776363960635855,33.20333432984098,32.62566778476043,33.169845581054695,3259900,0.0,0.0
32.901944876356396,32.960548595063244,32.60892628282214,32.88520050048828,3186500,0.0,0.0
32.35775969936583,32.918681792350256,32.324270955218644,32.809844970703125,5333900,0.0,0.0
32.73451194977992,33.13637067706036,32.558700752634664,33.069393157958984,3937800,0.0,0.0
32.78474568246691,32.90195314935172,32.46660884830533,32.659164428710945,2365000,0.0,0.0
32.44986839695503,32.79312024595997,32.424753420628726,32.44149780273437,3247200,0.0,0.0
32.315906602544274,32.935435775404,32.190328565840694,32.90194702148437,3887100,0.0,0.0
32.759620854870164,32.88519887718749,32.01451373066653,32.240554809570305,4510800,0.0,0.0
32.17358450927193,32.39962880998539,31.964284585685018,32.165210723876946,2688500,0.0,0.0
32.34939535377194,32.600554620821555,32.307536008207556,32.50009155273437,1639400,0.0,0.0
32.80985819668408,33.36240992320204,32.701024524827425,33.161483764648445,3146400,0.0,0.0
33.144733340679984,33.29542952894212,32.75124849425518,32.960548400878906,2664200,0.0,0.0
32.82660012186156,33.55496617475136,32.701022080567896,33.47961807250977,2670100,0.0,0.0
33.764266633620984,33.83124095129565,33.40427049433705,33.47124481201172,5816600,0.0,0.0
33.6303061013954,33.655424260863946,33.236824464568784,33.48798370361328,5795600,0.0,0.0
32.374513550998394,32.9521834358516,31.495454431826936,31.83033561706543,12730400,0.0,0.0
31.729873134444748,31.930799294427754,31.436851293445912,31.51219940185547,5900200,0.0,0.0
31.545691399528213,31.57080637368949,31.034998967154976,31.244298934936523,3922800,0.0,0.0
31.210806043576003,31.54568722517823,31.026624267992034,31.17732048034668,3961000,0.0,0.0
31.43684945464979,31.69638252258301,31.328012594721212,31.69638252258301,3055700,0.0,0.0
31.67126071182475,32.165205383564526,31.67126071182475,32.14846420288086,2766100,0.0,0.0
31.897310173304767,31.96428768831221,31.629406500602425,31.84708023071289,2826900,0.0,0.0
32.16521119642677,32.23218870591699,31.947540677910403,32.198699951171875,3564800,0.0,0.0
32.4582404903411,32.567077371513754,31.629411184534842,31.729877471923828,3824600,0.0,0.0
31.922421456294146,31.9977695476018,31.520566033874307,31.54568099975586,2762200,0.0,0.0
31.68800976146533,31.939172245370607,31.537313548587626,31.81359100341797,3131100,0.0,0.0
31.821962534680825,32.05638064699753,31.6294069666925,31.88056945800781,1949100,0.0,0.0
31.81359371820661,32.03126427001379,31.286156928126232,31.32801628112793,2075200,0.0,0.0
30.95127114983204,31.14382668029027,30.80057496187984,31.001501083374023,3254600,0.0,0.0
30.649884917187467,30.825696107149092,30.3317481017828,30.54104804992676,4293500,0.0,0.0
30.499186881388198,30.582905578190946,29.963379557058072,30.323375701904297,3385900,0.0,0.0
30.532676255839192,30.591279983520504,30.373606257563925,30.59127998352051,2281900,0.0,0.0
30.7754658573868,31.302902670422235,30.708491528402014,31.244298934936523,2806200,0.0,0.0
31.244299151215397,31.403365978111406,31.06011415632017,31.1689510345459,2035200,0.0,0.0
31.32800932234132,31.595916148103555,31.227546258719983,31.28614997863769,2898700,0.0,0.0
31.445226940662174,31.64615311253589,31.302901308059692,31.32801628112793,2312300,0.0,0.0
31.69638744383358,32.006150500087145,31.44522812271815,31.95591735839844,3163000,0.0,0.0
31.939172952467324,32.09823976128706,31.83870667921555,31.86382484436035,2732200,0.0,0.0
31.847075100035628,32.42474170242399,31.679634533156012,32.33264923095703,4088000,0.0,0.0
32.44986059999894,33.270319157716656,32.44149000778955,33.10287857055664,4487900,0.0,0.0
33.11124257698238,33.15310191703072,32.86008334302939,32.91031646728516,3106800,0.0,0.0
32.901941847354784,32.968919344661224,32.30753093024298,32.366134643554695,3856300,0.0,0.0
32.709384947236856,32.73449991083125,32.382877645858805,32.491714477539055,3636300,0.0,0.0
32.315910186655714,32.608932025456085,31.947543433674827,32.575443267822266,2739500,0.0,0.0
33.16984183571845,33.21170117014337,32.65077906279187,32.692638397216804,3225200,0.0,0.0
32.80149109482664,33.11125415186547,32.75963174014529,32.868465423583984,2595100,0.0,0.0
32.89357945390797,33.186598093485024,32.70939448408031,32.80148696899414,1792200,0.0,0.0
32.809846777130524,32.918683604769946,32.541943196527804,32.75961685180664,2185000,0.0,0.0
32.85172363306445,33.479623522740525,32.843349846083605,33.27869415283203,2241800,0.0,0.0
33.32054232600565,33.46286791394669,32.851712609642036,32.943801879882805,1527300,0.0,0.0
32.876838331146004,33.04427893905581,32.58381646888786,32.62567901611328,2783200,0.0,0.0
32.38288202858488,32.4414857473451,32.03125652236044,32.265674591064446,2435900,0.0,0.0
31.84708194959805,32.09824125710439,31.6545263740544,32.014522552490234,3498200,0.0,0.0
31.86383077378977,32.58382003742548,31.74662009985137,32.516845703125,4602000,0.0,0.0
33.228457442901224,33.26194619989964,32.659161348582685,32.80148696899414,3917100,0.0,0.0
33.19749761478171,33.39128972034232,32.936297882501286,33.35758590698242,3922400,0.25,0.0
33.37443724619004,33.568229348455574,33.21434574253885,33.46712112426758,2554300,0.0,0.0
33.41656273200993,33.728314939918995,33.39128648152797,33.71989059448242,1764800,0.0,0.0
33.837846739003965,33.90525435126377,33.36600309570091,33.40813446044922,2702200,0.0,0.0
33.374435024497416,33.38285937004708,33.07110715795308,33.29860305786133,2118800,0.0,0.0
33.172211438129224,33.500815516492096,33.13851084575829,33.48396682739258,1985200,0.0,0.0
33.399716902708604,33.955817013677624,33.349164392548666,33.728321075439446,2425200,0.0,0.0
33.77887065505516,34.0147908973461,33.6440586288643,33.71989059448242,1692200,0.0,0.0
33.60192464724704,33.837844848632805,33.56822084300002,33.837844848632805,3895000,0.0,0.0
33.7704414699797,33.90525347685066,33.660905709968354,33.778865814208984,3819500,0.0,0.0
33.80414479052955,33.86312484741211,33.66090842786392,33.86312484741211,2678800,0.0,0.0
34.166457008434136,34.19173647470119,33.81257662241982,33.913684844970696,4716000,0.0,0.0
34.200165761690485,34.25072148735612,33.82100585463059,34.16646194458008,5166800,0.0,0.0
33.905261530446516,33.97266594280684,33.4165658806009,33.854705810546875,3388700,0.0,0.0
33.81257390700036,33.92210646672896,33.70303813309958,33.82942581176758,3700300,0.0,0.0
33.70303617871212,33.753591890082106,32.85203592943532,32.927867889404304,3306700,0.0,0.0
32.7593520799172,32.96156849714106,32.54028054472402,32.793052673339844,2411400,0.0,0.0
32.456032306040484,32.6329725186284,32.270664532373445,32.37177276611328,2691600,0.0,0.0
32.09371848096451,32.624542236328125,32.017886515912565,32.624542236328125,2608100,0.0,0.0
32.30435917199249,32.60768700122173,32.17797150508968,32.54027938842773,3323600,0.0,0.0
32.38018727951639,32.75091946329023,32.37175972183318,32.700366973876946,2847800,0.0,0.0
32.74251146872035,33.22277964298223,32.700383301783425,32.953155517578125,4794600,0.0,0.0
32.86045380475158,33.382849862705285,32.79304620286265,33.205909729003906,4941800,0.0,0.0
32.54028550467201,33.07953365169311,32.152701300772144,32.211681365966804,9458000,0.0,0.0
31.95048703537307,32.194834897694186,31.824102537539158,32.04317092895508,6042000,0.0,0.0
32.009475708007805,32.203267875283224,31.849384150652003,32.009475708007805,3914300,0.0,0.0
31.908356583730928,32.102148704532716,31.7903964418666,31.96733665466309,3219600,0.0,0.0
31.992610271733646,32.0515903318773,31.5628947316331,31.72298622131348,3534200,0.0,0.0
31.81566935787327,31.874652636788202,31.588176659108033,31.613452911376953,3860500,0.0,0.0
31.714560170444148,31.84937220206732,31.588175698769394,31.64715576171875,2981000,0.0,0.0
31.722985469431897,31.975757608938217,31.680854101037397,31.90834999084473,2868000,0.0,0.0
31.849370686976066,31.891498842196928,31.621874791776747,31.72298622131348,2332300,0.0,0.0
31.59660381445049,31.672435792172084,31.18374011037233,31.26799964904785,3842900,0.0,0.0
31.0657839381117,31.200596003037933,30.930971873185467,31.150043487548828,4684100,0.0,0.0
30.44227708467641,30.880417066725027,30.44227708467641,30.695049285888672,4302700,0.0,0.0
30.627632275644554,31.12475217865916,30.57707977938093,31.006792068481445,4624000,0.0,0.0
31.09105581009232,31.150035873194557,30.93096431238133,31.08262825012207,3039600,0.0,0.0
31.0573523006212,31.15003617616114,30.821432045917653,30.84670829772949,3239900,0.0,0.0
31.12475997838175,31.183740048250748,30.85513588350272,30.956247329711914,3152700,0.0,0.0
30.745600080456825,30.80458014414066,30.29903260862893,30.37486457824707,2762900,0.0,0.0
30.501253758335963,30.914114224327378,30.475974291111182,30.77087783813477,2744300,0.0,0.0
30.54339027404785,30.636074179492024,30.231637949150272,30.54339027404785,2999500,0.0,0.0
30.728750318787537,30.74560222589777,30.518106301168586,30.636066436767575,2533600,0.0,0.0
30.652921987155075,30.855138468167194,30.501258019309482,30.75403022766113,2718500,0.0,0.0
31.18375039290079,31.613466146408516,31.18375039290079,31.35226631164551,4785900,0.0,0.0
31.032076930496892,31.09105699584852,30.855133520269483,30.905689239501953,2561800,0.0,0.0
30.610793821458635,30.922546104619908,30.5602380941191,30.75403022766113,5700000,0.0,0.0
30.846708602370395,30.93096491869023,30.56865697300456,30.610788345336914,3297900,0.0,0.0
30.93096899430662,30.9983766275824,30.60236481751936,30.804584503173828,3407100,0.0,0.0
30.61921086225258,30.98994313175546,30.48439883569042,30.518102645874023,4670300,0.0,0.0
30.45069805690628,30.914114243461512,30.416994243367423,30.70347023010254,4361800,0.0,0.0
30.509671682062546,30.686611844525622,30.290603368656626,30.59393119812012,3277300,0.0,0.0
30.467556255337648,30.484408165587066,30.07997196212097,30.32431983947754,4869900,0.0,0.0
30.20635429546737,30.779306346050948,30.130522311885052,30.53496170043945,3881700,0.0,0.0
31.461801395651428,31.470225745010875,30.577096860916843,30.602373123168945,4366100,0.0,0.0
30.695043083781492,30.86355892193105,30.585507306858428,30.711894989013672,2922000,0.0,0.0
31.074202063461215,31.209014087447443,30.956241944244784,31.05735015869141,3171300,0.0,0.0
31.301702196684808,31.43651423893251,31.065778712121872,31.13318634033203,2503900,0.0,0.0
31.284847340372465,31.301699245836357,31.133183405369767,31.19216346740723,1879100,0.0,0.0
31.402805180151162,31.588172912597656,31.217437447704658,31.588172912597656,2539000,0.0,0.0
31.756694269459853,31.89150632630684,31.259574207179174,31.46179389953613,1854900,0.0,0.0
31.874664229261032,31.96734492601155,31.79040466743288,31.899940490722656,1518800,0.0,0.0
32.08529633464089,32.08529633464089,31.807244705669362,31.84937286376953,2334500,0.0,0.0
31.85785488522202,32.04445353217105,31.773034376998325,32.010528564453125,1345900,0.25,0.0
32.16320233203857,32.28195105582391,31.98508409971839,32.03597640991211,2047600,0.0,0.0
32.01901452010032,32.231060973875806,31.94267766731825,32.15472412109375,1847200,0.0,0.0
32.231054401519906,32.27346303651287,31.959635254879128,32.061416625976555,2131300,0.0,0.0
32.103826705971684,32.281948157873785,31.97660079526629,32.23953628540039,2317400,0.0,0.0
32.163205064438024,32.33284287725664,32.01053459203065,32.12928009033203,3123500,0.0,0.0
31.78151712471536,31.857853962119002,31.5779511464485,31.611879348754886,2045800,0.0,0.0
31.679739401026893,32.14624419517111,31.476176614102283,32.12928009033203,2926200,0.0,0.0
32.00204633297655,32.24802096451405,31.89178128511979,32.188648223876946,2956500,0.0,0.0
32.29891785955307,32.553372960651444,32.29891785955307,32.4091796875,2290700,0.0,0.0
32.587288771540045,33.36762119580297,32.57880833930263,33.155574798583984,4097400,0.0,0.0
33.01139063968659,33.37611080199812,32.85872016845054,33.35914993286133,3093000,0.0,0.0
33.0453168647901,33.223435100179906,32.90112683678081,33.181026458740234,2441800,0.0,0.0
33.138607380608235,33.24038873512277,32.714514628631605,32.807815551757805,3434000,0.0,0.0
32.81631278351164,32.994434289565326,32.655158620062906,32.96898651123047,2840900,0.0,0.0
32.85023281133019,33.3252179831532,32.83326870852525,33.316734313964844,2766200,0.0,0.0
33.41003656802001,33.41003656802001,33.079244639318325,33.231918334960945,2506500,0.0,0.0
33.164051838571204,33.44395460734406,33.062270484276944,33.426990509033196,3266500,0.0,0.0
33.1979904657162,33.6390474536622,33.13013728672478,33.50333786010742,3078500,0.0,0.0
33.50333548260292,33.81716328875837,33.44396274185924,33.681453704833984,3042000,0.0,0.0
33.78322673928171,34.02919805137535,33.77474307318537,34.02071762084961,3395000,0.0,0.0
34.45329595916844,34.91131693036748,34.292141870296675,34.538116455078125,8677200,0.0,0.0
34.31759406535661,34.376966807967435,34.11403130085432,34.21581268310547,5160600,0.0,0.0
35.657726906122214,35.886737428905256,33.868054596484406,34.360000610351555,14964600,0.0,0.0
34.351521393522304,34.91132383495684,34.164919501186894,34.877395629882805,6976300,0.0,0.0
34.69928454693972,34.936775560184806,34.31760025024414,34.31760025024414,4341200,0.0,0.0
34.35152403553354,34.741688717177624,34.28366762016657,34.66535186767578,2590800,0.0,0.0
34.41089841014597,34.546608011732175,34.181887850799484,34.266708374023445,3584100,0.0,0.0
34.20732994107078,34.35151995323221,34.054656260210685,34.071617126464844,3092800,0.0,0.0
33.927426796601594,33.96983543298303,33.13013343168721,33.197986602783196,4786400,0.0,0.0
33.16406093694785,33.18102503991273,31.95115507731995,32.723007202148445,9583500,0.0,0.0
33.028340835607025,33.689927698361195,32.92655948578745,33.571182250976555,3655500,0.0,0.0
33.851093895814785,34.02921213068568,33.477893322432124,33.50333786010742,6188700,0.0,0.0
32.952020086668995,32.985948298347566,31.65429672790095,31.671260833740234,9767100,0.0,0.0
31.756078067482804,32.010536419019914,31.094494118859934,31.951160430908203,6118600,0.0,0.0
31.74759033522095,31.985081290791427,30.237820856685943,30.25478172302246,10500800,0.0,0.0
30.22933891872805,30.81458914356609,30.05122069185204,30.11907386779785,6236500,0.0,0.0
30.382011292435546,30.382011292435546,28.617786731865653,28.73653221130371,9915600,0.0,0.0
29.372666952664858,29.974877925858088,29.17758466144329,29.381147384643555,9873200,0.0,0.0
29.18606376647949,29.67801292372745,28.083423231824643,29.18606376647949,16257500,0.0,0.0
28.85527261239988,29.77979498533545,28.745007585654047,29.42355537414551,9474400,0.0,0.0
28.923132661079435,30.000328947390326,28.855279483857604,29.61864471435547,10288600,0.0,0.0
29.99184924837005,30.653433111457876,29.898548296278804,30.46683120727539,6960800,0.0,0.0
31.255637676598305,32.23953283092468,31.052074947052844,32.23105239868164,8699800,0.0,0.0
31.722148370817784,32.60425909252254,31.6882201642521,32.02749252319336,5696800,0.0,0.0
31.93418700009562,32.46854156277386,31.59491148854058,32.08686065673828,7430300,0.0,0.0
31.798473904799703,32.739957035255195,31.756062043895607,32.672103881835945,4473400,0.0,0.0
32.55336062403254,32.765407000518174,32.29042195238484,32.51095199584961,3205800,0.0,0.0
32.75692653642948,33.155574798583984,32.46854330678881,33.155574798583984,3785500,0.0,0.0
33.29977329610414,33.579676164958656,33.0792464103535,33.40155792236328,4039100,0.0,0.0
33.08773055744886,34.012253318489286,33.08773055744886,33.98680877685547,5302700,0.0,0.0
34.283668113347034,34.368488633775904,33.851094783661885,34.05466079711914,3735400,0.0,0.0
34.05466520197556,34.22429979363093,33.87654370382153,33.98680877685547,2839700,0.0,0.0
34.164924522190674,34.164924522190674,33.59664156375652,33.901988983154304,2510000,0.0,0.0
34.063131487929546,34.09705968639625,33.64751914564027,33.91894149780273,2906700,0.0,0.0
34.003759982333676,34.410888671875,33.86805041915325,34.410888671875,4279300,0.0,0.0
33.859576333692715,34.266708374023445,33.825651359975254,34.266708374023445,4076800,0.0,0.0
34.207328938975266,34.241253906061345,33.93590655328624,34.190364837646484,3043700,0.0,0.0
34.62293847381292,34.63142214235538,34.266702048746225,34.46178436279297,3509800,0.0,0.0
34.198847644089795,34.36848543357981,34.029209854599785,34.29214859008789,2838000,0.0,0.0
34.57204338271779,34.894354814350464,34.39392518454102,34.690792083740234,3638300,0.0,0.0
34.60598013637109,35.259083593347675,34.48723464157027,35.199710845947266,2872100,0.0,0.0
35.216670772220525,35.31845215060712,34.936767937192734,35.208187103271484,2669400,0.0,0.0
35.293003718625776,36.047888393167774,35.25059508527749,35.852806091308594,3545700,0.0,0.0
35.630967833929354,35.733358020119624,35.426193971192525,35.48591995239258,4427200,0.25,0.0
35.34940553805631,35.648035465844686,35.3067445847754,35.49445343017578,2142500,0.0,0.0
35.59683909520858,35.724821938769296,35.36646607101326,35.46885299682617,3728700,0.0,0.0
35.8016141139495,35.8869392672599,35.6736312662166,35.82721328735352,2569500,0.0,0.0
36.006383399794025,36.177030414496755,35.78454130423412,36.05757522583008,2882900,0.0,0.0
35.946663567391965,35.980790372299595,35.7077564041087,35.93812942504883,1642900,0.0,0.0
37.15825413885194,37.91763012239585,37.064398095075155,37.67872619628906,4318300,0.0,0.0
37.32889487435707,37.354490789299504,35.71628713655625,36.16849899291992,6841600,0.0,0.0
36.55246353149414,36.706045570876974,36.27089537435155,36.55246353149414,5461900,0.0,0.0
36.37327827096597,36.82549015460714,36.17703531665336,36.71456909179688,5087000,0.0,0.0
36.748702994694064,37.19238403752812,36.59512097006605,37.18385314941406,3975200,0.0,0.0
37.44835376903178,38.173602956974676,37.380096898240396,38.07121276855469,4424000,0.0,0.0
37.70431562524124,38.01147962297377,37.39715488233004,37.6019287109375,4373300,0.0,0.0
36.68044228687739,37.55073599560143,36.663377257613156,37.51660919189453,3635700,0.0,0.0
37.46541834871198,37.542209361690134,36.76576834372078,36.9449462890625,3680000,0.0,0.0
37.30330191416479,37.926160847397135,37.038798837796975,37.14118576049805,4639600,0.0,0.0
37.32890150487362,37.36303156740676,36.629251497053744,36.64631652832031,4809700,0.0,0.0
36.987602640626065,37.20944476378895,36.45006887143758,36.8510856628418,5909700,0.0,0.0
36.979074843146186,37.55927286091098,36.61218482441781,36.79136276245117,5304200,0.0,0.0
37.43128243967296,38.19065830783271,37.14118346427044,38.06267547607422,9447200,0.0,0.0
38.3442433724756,38.37837343226583,37.68725436821114,37.96882247924805,7754900,0.0,0.0
37.98588599054383,38.3869060399929,37.20091092085856,38.21625900268555,9827000,0.0,0.0
38.233320960881365,38.32717373178143,38.08826985163353,38.27598190307617,4139600,0.0,0.0
38.14800213637045,38.839121231684864,38.08827615644693,38.65140914916992,4519400,0.0,0.0
38.736733147616896,39.265736063234364,38.685538057142296,38.72819900512695,1804100,0.0,0.0
39.12068101977393,39.29986219109481,38.890311272743894,39.06095504760742,2888500,0.0,0.0
39.197478582765314,39.48757760535109,39.00123560496049,39.20601272583008,6098700,0.0,0.0
39.49611179790746,39.51317682923647,38.719670773958136,38.80499267578125,2733700,0.0,0.0
39.043896361934884,39.214543419341815,38.608749457628,38.67700958251953,2275300,0.0,0.0
39.171873901496326,39.342520921581404,38.65993609606228,38.9159049987793,2769700,0.0,0.0
39.402253049678286,39.41931807983649,38.65140799682589,38.72819900512695,4301500,0.0,0.0
38.932967796815745,39.393710493393975,38.41249588003004,39.103614807128906,6216100,0.0,0.0
39.154812637844344,39.4961067108221,39.02682980159379,39.2486686706543,7102600,0.0,0.0
39.30839684028092,40.07630691995215,39.27426678011294,39.8288688659668,4910000,0.0,0.0
39.862997783725476,39.862997783725476,39.27426565457575,39.504638671875,3696200,0.0,0.0
40.357867975776045,40.477319920284636,39.42784508018897,39.4961051940918,3907000,0.0,0.0
39.88860033807714,39.9739222454276,38.87325531938932,39.21454620361328,4364800,0.0,0.0
39.00976979690744,39.146286792717575,38.489297733249394,38.80499267578125,4418400,0.0,0.0
39.137744520556225,39.2316005459605,38.335707743611,38.54048156738281,4535700,0.0,0.0
38.81352489334937,38.915911821422156,38.199196815269055,38.78792572021485,4589400,0.0,0.0
39.112151430262344,39.18894243342654,38.600213579048656,38.71966552734375,4114400,0.0,0.0
38.95856786943864,39.214536784832,38.770855812566865,38.9329719543457,3728500,0.0,0.0
39.20600618041952,39.82033093082341,38.82205117715372,39.46197509765625,4002000,0.0,0.0
39.828863960136964,39.854459874699394,39.530234107504356,39.57289505004883,2605700,0.0,0.0
39.572895657273264,39.89712142944337,39.4363786861434,39.89712142944336,2734000,0.0,0.0
39.75207518825078,39.89712305199077,39.13774716577205,39.35105514526367,3909600,0.0,0.0
39.700882609091956,39.7776736167522,38.46369885375263,38.53195571899414,3898700,0.0,0.0
37.79817279077059,38.591678723860895,37.39715600816619,38.29304885864258,6934600,0.0,0.0
38.06267391204255,38.412498845521995,37.45688007074274,37.50807189941406,4365100,0.0,0.0
37.38862955132985,37.43982464795633,36.48420237319457,37.12412643432617,5111800,0.0,0.0
37.03879842959953,37.4568835128221,36.93641150802685,37.27770233154297,5310400,0.0,0.0
37.08146286010742,37.456887032520534,36.902284916813095,37.08146286010742,4067400,0.0,0.0
37.34596560455564,37.405691585087844,37.03880155906329,37.28623962402344,3352700,0.0,0.0
37.149720840671066,37.371559721261356,36.87668687002682,36.97054290771485,3153800,0.0,0.0
36.68897642865998,36.82549342006212,36.27089131165365,36.39034652709961,3784200,0.0,0.0
37.0985305453904,37.32037270947422,36.842561571681635,37.15825653076172,4683200,0.0,0.0
37.19237779890124,37.74697982312067,37.19237779890124,37.6019287109375,5808300,0.0,0.0
37.909089978336226,38.16505887307053,37.798168930516965,37.85789489746094,3631700,0.0,0.0
37.26064273637552,37.39716299147846,37.030272942944386,37.09852981567383,4900800,0.0,0.0
36.9364128112793,37.12412163164868,36.799895826091706,36.9364128112793,5748000,0.0,0.0
37.70878506510451,37.82035043809048,37.399840089780774,37.64871215820313,5339900,0.25,0.0
38.283773962906615,38.29235440398146,37.38267705856086,37.50282287597656,5077300,0.0,0.0
37.13379669189453,37.25394249307771,36.74761142114322,37.13379669189453,4736300,0.0,0.0
37.46848486713172,37.519977321438155,37.16812040132877,37.34833908081055,4096200,0.0,0.0
37.468493469697144,37.48565762507343,37.06514400267446,37.40842056274414,4761600,0.0,0.0
37.52856451871671,37.743111539706675,37.477072055137135,37.66587448120117,6421000,0.0,0.0
37.65729030278246,37.77743609881423,37.442743303089316,37.562889099121094,4255200,0.0,0.0
37.537146713281174,37.949076584059,37.537146713281174,37.75169372558594,6008800,0.0,0.0
37.78602273268521,39.14196156441621,37.76027813609445,38.78152084350586,10802800,0.0,0.0
38.74718977764969,38.764350656888325,38.06063675391631,38.35242080688477,5307400,0.0,0.0
38.15504001377147,38.30093368497868,38.017730056373416,38.26660537719727,2143800,0.0,0.0
38.644211372228774,39.09046960336854,38.644211372228774,39.02181625366211,3940600,0.0,0.0
38.80726388211554,38.82442803561501,37.80318218162615,38.10354995727539,4490900,0.0,0.0
38.19794920404354,38.69569985145619,38.1378763015941,38.60988235473633,4101900,0.0,0.0
38.38674693846599,38.46398398557466,37.79459842645099,37.82034301757813,3209100,0.0,0.0
37.78601366579206,37.88041486227686,37.59721454654965,37.62295913696289,2500900,0.0,0.0
38.249451112378175,38.87592815958511,38.1378857201081,38.867347717285156,4433100,0.0,0.0
38.52406746314415,38.961745274897936,38.395341198420454,38.90167236328125,3774400,0.0,0.0
39.09904686320878,39.845669514292496,39.090463149832594,39.73410415649414,3416800,0.0,0.0
39.24493957515834,39.38224953375397,39.07330130848189,39.19344711303711,2506400,0.0,0.0
39.1247975682434,40.188952305947254,39.04756050442838,40.09455108642578,4005500,0.0,0.0
39.88857294797602,40.31766689527403,39.734098865050576,40.06021118164063,4084500,0.0,0.0
40.13744847760968,40.54079783822005,39.94864609200874,40.231849670410156,6474200,0.0,0.0
39.2449411936708,39.88000182444609,39.124795384160606,39.52814483642578,5384000,0.0,0.0
39.287844489690436,39.45948273961845,38.94457126356176,38.95315170288086,4647000,0.0,0.0
38.83300847550097,38.97031842976911,38.04347705689104,38.10354995727539,6466600,0.0,0.0
37.71736234147723,38.35241961281293,37.53714365153553,38.12070846557617,5500300,0.0,0.0
40.171788020993525,40.93557494196914,39.691201483943175,40.43782424926758,12474200,0.0,0.0
40.71243722193292,40.995640831099394,40.12028868512217,40.95273208618164,4949100,0.0,0.0
40.66953596018653,41.26168787968029,40.61804676630221,41.05572128295898,5467800,0.0,0.0
41.02997258438084,41.19302713826117,40.34341951309436,40.746768951416016,3140600,0.0,0.0
40.83258171899556,41.32174855848739,40.695268512669564,41.167274475097656,3910700,0.0,0.0
40.89265880373795,41.25309618612812,40.721020551954716,40.98705673217773,3997700,0.0,0.0
41.56204604860376,42.18852291002643,41.450480689418825,41.802337646484375,6965300,0.0,0.0
42.085543345347844,42.231433744495696,41.622121006182304,41.71652221679688,4736300,0.0,0.0
41.66502746400161,41.75942866942648,41.235933456599476,41.63069915771485,2963300,0.0,0.0
41.62211719242081,41.6993542418713,41.40757019658359,41.47622680664063,1775000,0.0,0.0
41.356075492005246,41.63927908251196,40.978473978390134,41.0471305847168,2484600,0.0,0.0
41.03855237501821,41.15011773839551,40.635202943080934,40.75535202026367,2726800,0.0,0.0
40.64378589809564,40.83258831355894,40.31767352785747,40.34341812133789,2712700,0.0,0.0
40.317679669214286,40.858339130751695,40.16320553734647,40.56655502319336,4085100,0.0,0.0
40.41207473558911,40.54080425044637,39.90574366353282,40.34341812133789,4217500,0.0,0.0
39.708357178212104,40.223268643115375,39.42515358090621,39.897159576416016,4904400,0.0,0.0
40.01730712629776,40.25759871732184,39.75126766928726,39.98297882080078,2621900,0.0,0.0
40.008731842041016,40.120297221546934,39.69978357493421,40.008731842041016,1900800,0.0,0.0
39.862838684796046,40.008729093279854,39.656872096299566,39.725528717041016,2190100,0.0,0.0
39.94006720156281,39.99155638237553,39.58821027985813,39.8027572631836,2138600,0.0,0.0
40.22327472362511,40.291931341978845,39.29643329194412,39.32217788696289,2862700,0.0,0.0
39.08189348536171,39.159130558405046,38.62705148911611,38.97890853881836,2565500,0.0,0.0
38.996063023154534,39.02181089026749,37.554306866475294,38.10354995727539,7737400,0.0,0.0
38.378168590965984,38.403913183496215,37.49423272060784,37.73452758789063,4208600,0.0,0.0
37.657294299338865,38.25802661698066,37.657294299338865,38.21511459350586,2697500,0.0,0.0
38.309512293000736,38.51547885611178,38.00914779859658,38.04347610473633,2498400,0.0,0.0
37.725952251340324,37.88901010351079,37.19387648729809,37.24536895751953,2457500,0.0,0.0
37.25393692628376,37.502812205104206,36.98789749646944,37.28826522827149,3425400,0.0,0.0
37.90616738505336,38.369589751832024,37.794605287432006,38.17220687866211,4358700,0.0,0.0
39.10762165366993,39.708353827855696,39.056129202033325,39.61395263671875,4731100,0.0,0.0
40.13746418107204,40.257610010287095,39.64829714856603,39.67404174804688,2813900,0.0,0.0
39.51956259572636,39.55389090650291,39.12479684297986,39.30501556396485,2015300,0.0,0.0
39.716940810403955,39.86283447721632,39.22777389730089,39.27926635742188,3468300,0.0,0.0
39.79418233023942,40.66953460818103,39.75985729336696,40.65237045288086,4364500,0.0,0.0
41.02997119773008,41.253098646748,40.87549708928401,41.10720825195313,3599100,0.0,0.0
41.02997382116696,41.38183080763003,40.94415304780538,41.11579132080078,2203200,0.0,0.0
41.1501190318364,41.67361428368343,41.141535317761175,41.5019760131836,3277700,0.0,0.0
41.312190142838276,41.51059868204753,40.98438315639986,40.993011474609375,3368000,0.25,0.0
40.898124692825945,41.156918328019856,40.76872622985917,40.88949966430664,2277300,0.0,0.0
40.80322753455247,41.10515614467135,40.622072342924646,40.84635925292969,2373700,0.0,0.0
40.77734774870352,40.83773281048707,40.406409060182284,40.50130081176758,2772000,0.0,0.0
40.975763526604645,41.19142543990258,40.77735496125932,41.05340194702149,1962900,0.0,0.0
40.88086550196535,40.88086550196535,40.48404843200225,40.67383193969727,2114000,0.0,0.0
40.51856280271553,40.69108970706082,39.94921546245268,39.966468811035156,3738400,0.0,0.0
40.10448710962118,40.44954416431671,39.897450244212386,40.354652404785156,2316200,0.0,0.0
40.30289387034182,40.7687210380732,40.251133833598686,40.5703125,2134100,0.0,0.0
40.96712480320571,41.33806014259865,40.88085809228062,41.25179672241211,2743000,0.0,0.0
40.86361747153556,41.225931188737356,40.77735402449395,40.8808708190918,3023900,0.0,0.0
40.70833365516996,40.993008904933326,40.48404675687013,40.76009368896485,2073200,0.0,0.0
40.544445563126615,40.889505990598224,40.466807131482526,40.56169891357422,1965600,0.0,0.0
40.47542496380322,40.751475231136,40.35465482288613,40.71696853637695,2071300,0.0,0.0
40.829116538947225,41.08791018647892,40.535816194214036,40.54444122314453,4142500,0.0,0.0
40.69107890249928,41.286307752956674,40.56168375859814,41.26042938232422,2812800,0.0,0.0
40.7601012053221,41.10516157944078,40.716969481242174,40.9067497253418,1890900,0.0,0.0
40.46679288473633,40.79459984635256,40.156239267493476,40.74283981323242,2266300,0.0,0.0
40.64795334853349,41.08790546039826,40.440919770617796,40.9326286315918,2121700,0.0,0.0
40.72559113047278,41.13966157061308,40.53581090212056,41.04477310180664,2216100,0.0,0.0
41.05340281498907,42.01956728558369,40.94988601582458,41.94192886352539,4063500,0.0,0.0
41.950545045260064,42.37324043914568,41.864278328633276,42.20071029663086,6296800,0.0,0.0
43.49468587660143,43.69309769976076,42.71830509200997,43.06336212158203,6143900,0.0,0.0
43.05474229573756,43.22727247673606,42.32149313991831,42.68380355834961,5867800,0.0,0.0
43.38254630572097,43.943265241704204,42.96847587444836,42.99435424804688,5375200,0.0,0.0
43.615458654832665,43.99502236903674,43.10649649971817,43.1668815612793,5083400,0.0,0.0
43.58095709686723,43.83112569035756,43.494690362522576,43.64996719360352,4451600,0.0,0.0
43.18413220638372,43.32215566571452,42.183461303550786,42.22659301757813,3203400,0.0,0.0
42.735561476908,42.92534170491314,42.28698434489155,42.60616302490234,3234200,0.0,0.0
43.05473834639771,43.27040023017866,42.62341457883584,42.81319808959961,3995600,0.0,0.0
43.028857653743096,43.19275949191474,42.64929065267759,43.01160430908203,2894300,0.0,0.0
42.65792253073759,43.10649965714797,42.27835549799226,42.58028411865234,3431900,0.0,0.0
42.554398789384756,43.365286179161146,41.89878490766024,43.30490112304688,3988400,0.0,0.0
42.787322942948855,42.882214712784084,42.2007222664581,42.2093505859375,3997300,0.0,0.0
43.089246414200296,43.149631480329006,42.42500739604511,42.4422607421875,2722600,0.0,0.0
43.572317344911184,43.78797918807509,43.26176705497555,43.63270568847656,4469100,0.0,0.0
44.50399596689003,44.95257317578028,44.47811758834979,44.71103286743164,4407700,0.0,0.0
45.03021240234375,45.20274260740437,44.88356057628325,45.03021240234375,2726300,0.0,0.0
45.00431841717803,45.08195682367258,44.598876330585696,44.71964645385742,3569300,0.0,0.0
45.14234988341378,45.20273495134649,44.79728953173596,45.0388298034668,3576900,0.0,0.0
44.9870665854016,45.142343392254936,44.86629317616317,44.943931579589844,2874100,0.0,0.0
45.150970015637895,45.18547670521199,44.883548107547256,44.98706817626953,2960700,0.0,0.0
45.19410844945864,45.2631218388643,44.616136121513996,44.82316970825195,2477600,0.0,0.0
44.74552938671664,45.20273484522732,44.72827604009932,45.17685317993164,2266400,0.0,0.0
45.12508358867754,45.21997203195946,44.598868184192504,44.69375991821289,2278700,0.0,0.0
44.58162120964881,44.69376630139299,43.84837218143139,44.09853744506836,2637600,0.0,0.0
43.93464067345501,44.08991749814818,43.589580331750334,43.86562728881836,2390000,0.0,0.0
43.848373674962595,44.32282913824847,43.71897523463961,44.28832244873047,2499600,0.0,0.0
44.71101966004875,45.245860166577536,44.66788465423699,44.943931579589844,3396500,0.0,0.0
44.47810726251253,44.85767098619114,44.13304693863079,44.754154205322266,2914000,0.0,0.0
46.237908140874794,46.62610020304742,45.84971936944149,45.97048950195313,5530200,0.0,0.0
45.84971729594671,45.87559566867481,44.75415454368912,45.04745483398438,4078600,0.0,0.0
45.23724189009892,45.33213365876495,44.581631119549506,44.74553298950195,3400800,0.0,0.0
45.18548402638649,45.789338028816296,45.13372398363894,45.401145935058594,3725000,0.0,0.0
45.685808921640714,45.772075642518,44.71964468298739,44.935306549072266,4136200,0.0,0.0
44.98706764512045,45.05607773271481,44.478105497498426,44.96981430053711,3478800,0.0,0.0
45.54778913150384,45.72894432384437,45.04745527302917,45.2199821472168,3815000,0.0,0.0
44.78865689173762,45.14234552798946,44.57299501543131,45.02157211303711,3559400,0.0,0.0
44.66788957669941,44.72827464260369,43.91738712136113,44.13304901123047,3985500,0.0,0.0
44.39184201717211,45.23723621907335,44.262446859453924,44.95256423950195,3395000,0.0,0.0
45.056084627906685,45.30625322654136,44.849051042701085,45.23723983764648,2223800,0.0,0.0
45.08196968962305,45.780715547489116,45.0388379605365,45.62543869018555,2247100,0.0,0.0
45.66856065927184,45.78070576352191,45.41839536773764,45.54779052734375,1880300,0.0,0.0
45.192084836751086,45.71262969881622,45.05327265289747,45.37427520751953,2269800,0.3,0.0
44.72359283561017,44.766971022874614,43.283415175443295,43.318119049072266,5190500,0.0,0.0
42.91036258991512,43.11858255020281,41.869269407564616,41.97338104248047,6428200,0.0,0.0
40.3770298656816,41.9733714998115,38.798040166759364,40.324974060058594,8379200,0.0,0.0
42.00807593373858,42.45921636210244,41.05374257613197,41.07109451293945,7940600,0.0,0.0
42.32040771876378,42.51127573007529,41.09712420258623,42.38113784790039,5923100,0.0,0.0
42.53729620961837,43.22268278490513,42.16423786152777,43.15327835083008,5525700,0.0,0.0
42.74551082675868,43.083865261054605,42.545968552931406,42.94505310058594,3563900,0.0,0.0
42.87565769812244,43.17931166179996,42.53730316650389,42.71081924438477,3524300,0.0,0.0
41.73913328945817,42.094839755113654,41.140502994165466,41.45283126831055,5112700,0.0,0.0
42.216292620642314,42.89300155639648,41.96469452058995,42.89300155639648,3933500,0.0,0.0
43.24003189166599,43.552360098426895,42.719487086759926,42.858299255371094,2958400,0.0,0.0
42.34643413766521,42.693462948466255,42.05145782823536,42.45054244995117,3204700,0.0,0.0
43.31811688595937,43.96879959106445,43.16195277197068,43.96879959106445,3925000,0.0,0.0
44.133645163025115,44.63684145834935,43.73456050024349,43.83866882324219,3003700,0.0,0.0
43.925423645811215,44.23775188971483,43.58706915143013,44.00350570678711,3081000,0.0,0.0
43.725881965372594,44.59345896222885,43.66515184035614,44.57610702514648,2501700,0.0,0.0
44.08158840170191,44.966517335640525,44.0468845275372,44.57610702514648,3827000,0.0,0.0
44.59346159290718,45.25281869321585,44.33318583086112,45.06195068359375,3758100,0.0,0.0
45.60852864450217,45.946883189630135,45.27884841431983,45.86880111694336,3634700,0.0,0.0
45.773360590312784,46.45007289380241,45.51308815491382,45.75601196289063,3581100,0.0,0.0
45.74733287157197,45.75601049454816,45.070623899341996,45.17473220825195,8391300,0.0,0.0
45.67793035306968,45.990255292911186,45.20943797899202,45.703956604003906,6855500,0.0,0.0
45.13135139142583,45.157377639750464,42.98843535821064,43.1966552734375,9986100,0.0,0.0
44.08158324712925,44.740940231440504,43.196654416667634,44.68021011352539,6754100,0.0,0.0
44.09894053745643,44.35921297577714,43.84734241294416,44.14231872558594,4989400,0.0,0.0
44.60212762972804,44.78431798171356,43.73455074270003,43.98614883422852,3988000,0.0,0.0
43.84734168988476,43.942775687922115,41.72177741115361,42.19894409179688,5503100,0.0,0.0
42.34643122480135,42.37245747369669,41.461502357382976,41.84323501586914,4452400,0.0,0.0
43.21400622284463,43.32678883604024,42.43318569548854,43.11857223510742,5182200,0.0,0.0
43.38752384689438,43.76058221764327,42.49392060556467,42.9537353515625,4636900,0.0,0.0
42.693460933201735,43.17930521684211,41.99940003481792,43.17062759399414,4515800,0.0,0.0
43.526332940978364,43.78660866732278,43.16195221936554,43.70852661132813,5150100,0.0,0.0
43.838668940842744,44.02086264350911,42.47657318542343,42.650089263916016,5198300,0.0,0.0
41.91264727536434,42.78889861454429,41.851917148368884,42.72816848754883,5557700,0.0,0.0
42.50259653360971,43.17930550028311,42.41583685227759,43.04916763305664,4458400,0.0,0.0
42.41583096781598,42.93637905496139,42.20761438059219,42.82359313964844,4881100,0.0,0.0
42.58067245414118,43.795278031817695,42.5546428987219,43.69116973876953,3372300,0.0,0.0
43.248711753189966,43.916746434573824,43.18798162847721,43.26606369018555,2588200,0.0,0.0
43.4742760115623,43.56970999355424,41.877934492492386,41.956016540527344,4489900,0.0,0.0
42.624052429079384,43.96879591186303,42.42451014668957,43.90806579589844,4667300,0.0,0.0
44.0035064120971,44.38523909990705,43.84734228764221,44.33318328857422,4154000,0.0,0.0
44.220391793355745,45.06193906243242,44.02952383295715,44.99253463745117,4471400,0.0,0.0
45.01857339675416,45.33090166984373,44.52405473421028,44.82770538330078,2986300,0.0,0.0
45.00989953400383,45.24414574117185,44.419946858812686,44.64551544189453,3056300,0.0,0.0
44.85372724163063,45.461031745044224,44.68888550940015,45.44367980957031,2989700,0.0,0.0
46.02495372262935,46.701665952759434,45.85143768132564,46.48477172851562,5562900,0.0,0.0
46.36331162551271,46.536827679700394,46.08568726262978,46.42404174804688,3206300,0.0,0.0
46.22449813120861,46.77107252803589,46.18111994627957,46.71034240722656,2088800,0.0,0.0
46.73637395920539,46.93591628015466,45.747336668611716,46.23318099975586,3514200,0.0,0.0
46.30258168254117,47.031346465320865,46.10303937779171,46.91856384277344,2303400,0.0,0.0
46.67564004215122,47.361026638601636,46.61490991938154,46.91856384277344,2764300,0.0,0.0
47.10076016980855,47.335006377073356,46.35464335619706,46.4587516784668,3408900,0.0,0.0
46.11171556943648,46.13774181851747,44.96651427626547,45.96422576904297,5460500,0.0,0.0
45.651910792272815,46.09437701233491,45.33090815877782,45.80807495117188,3595100,0.0,0.0
44.81902058654375,46.05965576474242,44.79299433972128,45.89481735229492,3671100,0.0,0.0
45.74734029277732,46.29391479492188,45.530446016796276,46.29391479492188,3367100,0.0,0.0
45.860126291904116,45.97291224220697,44.92314143008489,45.60852813720703,3077400,0.0,0.0
45.38296260124691,46.1551057470158,45.32223246458268,46.09437561035156,2879100,0.0,0.0
46.26788350597784,46.38066613434328,45.825417377781115,45.8340950012207,2237200,0.0,0.0
45.55646617641878,45.68660404841546,45.16605917951587,45.26148986816406,2594300,0.0,0.0
45.027245586142186,45.14870583111861,44.48934548761306,44.732269287109375,2653700,0.0,0.0
43.908066645585826,44.229069166116695,43.25738398233658,44.04687881469727,5171700,0.0,0.0
44.33317920644763,44.593454929602416,43.43957603954898,43.57838821411133,4583000,0.0,0.0
43.814045988038394,43.98860460341477,43.41256350327278,43.89259719848633,4759600,0.3,0.0
44.459901959610995,45.10576774213048,44.16315335619849,44.98357772827149,6164500,0.0,0.0
45.14067985076064,45.332691301613686,44.87011387213062,45.01848983764648,4423000,0.0,0.0
44.826478507823566,45.114497370987074,44.739197542146435,44.8526611328125,2414300,0.0,0.0
43.74421623797083,44.11078962153788,43.403828807862475,43.9798698425293,7722500,0.0,0.0
44.56464268027977,45.02722014963143,44.37262788344921,44.50354766845703,2843000,0.0,0.0
44.608284705294075,44.66064995951853,44.180616262365284,44.37263107299805,1345800,0.0,0.0
44.54719454069449,44.54719454069449,43.97987980900006,44.10206985473633,3469500,0.0,0.0
44.6257384534873,44.97485233708385,44.33771625332737,44.91375732421875,5021600,0.0,0.0
44.85266523854523,45.08831887330217,44.57337278166929,44.66938018798828,3015600,0.0,0.0
44.870119029111954,44.931214042690776,42.897615741934985,43.03726196289063,4994900,0.0,0.0
43.46492083254919,44.30279803827557,43.41255558808383,44.24170303344727,4126300,0.0,0.0
44.52100325347147,44.73920068886855,43.883867141643435,44.2242546081543,3566800,0.0,0.0
43.33401532036382,43.979877914122476,43.2380079087278,43.77913665771485,3428400,0.0,0.0
43.76166966166212,44.35516685127468,43.665662273720656,43.9100456237793,4775800,0.0,0.0
44.27661855172926,44.69555718426183,44.136972340885066,44.47735977172852,3932000,0.0,0.0
43.805308239286276,44.721739970566794,43.73548680352311,44.24170303344727,6697600,0.0,0.0
44.451180965083026,44.861393201291506,43.910052267768506,44.3289909362793,4268600,0.0,0.0
45.04468170380605,45.708000480865394,44.76538923668329,45.52471542358398,4630100,0.0,0.0
45.4723503640184,45.646909001865026,44.40754899906926,45.55963134765625,7302500,0.0,0.0
45.3850707896242,45.58581204935454,43.927513383544856,44.04097366333008,5849400,0.0,0.0
45.079589764438865,46.257854538845606,44.56464370337646,45.7429084777832,8631300,0.0,0.0
46.63315250481571,47.270288566711905,46.54587486926821,47.07827377319336,5530600,0.0,0.0
47.47976991945854,47.55832114037268,46.5633378989838,47.36630630493164,4726700,0.0,0.0
47.55830978149609,47.67177003949492,47.08700256857872,47.20046615600586,3757400,0.0,0.0
47.53212306187614,47.61067426276321,47.16555301068854,47.2353744506836,1684000,0.0,0.0
47.01718200843903,47.49721569594802,46.964816755266625,47.29647445678711,2868300,0.0,0.0
47.75032954168625,48.31764424800518,47.62813950141543,48.12562942504883,2660200,0.0,0.0
48.45728398858484,48.675481411085975,48.003432950251046,48.03834533691406,2947000,0.0,0.0
47.9510697531649,48.23909198132496,47.53213105446475,47.54958724975586,2269900,0.0,0.0
47.270282473246425,47.32265104548128,46.44986148480138,47.30519485473633,4773000,0.0,0.0
47.14810133124707,47.287747554032066,46.79898410957031,46.85135269165039,4545300,0.0,0.0
46.179309557016246,47.22665801402343,46.13567073160532,46.71171188354492,5092000,0.0,0.0
45.95237961241838,46.7029759671012,45.60326239627359,45.7254524230957,4908000,0.0,0.0
46.82517669241808,46.851359322449426,45.30652089144834,45.4287109375,4932700,0.0,0.0
46.257852678990396,47.567037188773135,46.257852678990396,47.07827377319336,7022700,0.0,0.0
47.51466917821665,47.916154963051994,47.08700409771792,47.72414016723633,6031400,0.0,0.0
47.462303756710796,47.72413999496894,45.41124600992712,45.71672439575195,7727700,0.0,0.0
45.0795923226226,45.542169828844344,43.80531674585519,45.33269882202149,8825300,0.0,0.0
43.43001341413103,44.05842305496889,43.17690693495216,43.491111755371094,9111900,0.0,0.0
44.36390495855768,44.73920149109583,42.408854437394865,42.82779312133789,10713500,0.0,0.0
42.76669822286912,42.79288085024145,40.89892866992588,42.16447448730469,10088400,0.0,0.0
42.312845915649525,43.51729668111869,42.13828730291899,43.26418685913086,8299600,0.0,0.0
43.79658912971609,43.97987417484027,43.10708444061625,43.26418685913086,4912400,0.0,0.0
43.24673252660083,43.46492996954981,42.487406357378454,42.592140197753906,4936900,0.0,0.0
42.9587036885535,43.70057349107053,42.63576915055753,43.48237609863281,5548700,0.0,0.0
44.049698650027025,44.136976291080245,41.6757095237789,41.93754577636719,7413400,0.0,0.0
42.27793177279601,42.32157392123906,39.98249726422985,40.89892578125,12679900,0.0,0.0
40.96874810145674,42.00736999511719,40.942565475374046,42.00736999511719,8603700,0.0,0.0
41.98117216785411,42.88014758580696,41.69315337410706,42.740501403808594,7056300,0.0,0.0
41.23931178226914,41.29168036090432,38.847866628782725,39.345359802246094,16123000,0.0,0.0
39.807943472098046,40.08723594287604,39.22317257242426,39.61592864990234,8651700,0.0,0.0
39.71193091667657,39.903945713998475,39.11843366079833,39.72065734863281,7697700,0.0,0.0
39.14462010473496,39.301722530700665,37.42522651077735,37.56487274169922,9093600,0.0,0.0
36.91900616416985,37.084838349323626,35.62727771952914,36.587345123291016,12096500,0.0,0.0
35.58363843812549,38.08854408353484,35.36544100104802,37.50377655029297,9800500,0.0,0.0
37.91398475056013,38.900238079727956,37.80052448261543,37.88780212402344,7325100,0.0,0.0
37.27684687068172,38.13218036757619,37.24193448400967,37.69578552246094,6704100,0.0,0.0
37.774334279016095,38.53366365748114,37.39030803880363,38.45511245727539,4835000,0.0,0.0
38.943874435788935,39.79920791928461,38.455114347750495,39.2929916381836,5145100,0.0,0.0
39.74109513203381,40.54944991256962,39.65323201212831,40.34735870361328,5846200,0.3,0.0
40.36494267297599,40.47038246686329,39.6796007715288,39.8377571105957,4359700,0.0,0.0
39.85533089285244,40.90091705668294,39.389650195377655,40.76033401489258,4931600,0.0,0.0
40.760333228552255,41.98164900900034,40.760333228552255,41.93771743774414,6756000,0.0,0.0
41.955285441671364,42.68456216918989,41.8498490136102,42.26280975341797,6061300,0.0,0.0
41.27872909150662,42.236451983094256,40.94484315497932,42.2013053894043,5282400,0.0,0.0
42.21009375926461,42.7197059612644,42.13980057180882,42.62305450439453,4297400,0.0,0.0
42.75484842268524,42.93057802257657,41.937708632189405,42.47368240356445,4829900,0.0,0.0
42.464894304973505,42.89542827365351,42.122220102124636,42.139793395996094,4115600,0.0,0.0
42.69334267223114,43.027228569862565,42.192515501665646,43.01844024658203,4368500,0.0,0.0
42.78121334751236,42.9393696768518,42.122229759186,42.31553268432617,3922100,0.0,0.0
41.638970534657005,42.22766420873097,41.14693166269918,42.21887588500977,7237700,0.0,0.0
42.20129898927254,42.34188199094829,41.674113570929244,42.148582458496094,5087300,0.0,0.0
41.77077023090114,41.99921638024979,41.155718264828316,41.340232849121094,4610000,0.0,0.0
41.190854736190865,41.4193008294059,40.698812613884115,40.73395919799805,5538900,0.0,0.0
40.865766870247896,41.015138224402534,40.40008621366025,40.83062362670898,3975300,0.0,0.0
40.760329687976686,41.64776276838111,40.18921260772714,40.681251525878906,4791400,0.0,0.0
41.18207960265649,42.10465594464014,40.98878003165206,42.09587097167969,3653300,0.0,0.0
42.24524082136684,42.74606805636918,42.16616266048417,42.2803840637207,3275300,0.0,0.0
41.920141346596175,42.508835087861364,41.823489885212055,42.09587097167969,2472600,0.0,0.0
41.94649776257484,43.08873515619656,41.77076815930301,42.90422058105469,3834600,0.0,0.0
42.91299695767492,43.34353423186835,42.5791111135104,43.0272216796875,4459200,0.0,0.0
43.00966465571445,43.85316287940033,42.97451805845321,43.60714340209961,6237300,0.0,0.0
43.60714266806451,43.765299001313885,43.33476157152082,43.73893737792969,2934000,0.0,0.0
42.122223773646134,42.91300530797378,42.122223773646134,42.833927154541016,7003800,0.0,0.0
42.95693829624747,43.132667904348295,42.09586690349328,42.22766494750977,5313800,0.0,0.0
42.35946229173235,43.071165740804254,42.08708456629882,42.983299255371094,4340800,0.0,0.0
43.03601658540867,43.43140736691754,42.86907530066647,43.07116317749024,4199500,0.0,0.0
43.15024796443544,43.730153415837925,43.088743094723355,43.61592864990234,4381100,0.0,0.0
44.6175802345008,46.03219884688335,44.6175802345008,46.014625549316406,9520100,0.0,0.0
45.94433218385377,46.61210068131661,45.82132246209194,46.36608123779297,7717400,0.0,0.0
45.865253023243504,46.48030497035911,45.69830838870782,46.34850692749024,5386100,0.0,0.0
46.39243651770249,46.75268068755436,46.15520206168835,46.59452438354492,3586900,0.0,0.0
45.85646581704795,45.96190559461818,45.09204586436328,45.25020217895508,5511500,0.0,0.0
45.61923595213327,45.75103401152425,45.17991355651521,45.68074417114258,3963900,0.0,0.0
45.54894147136118,45.54894147136118,44.77573319535165,44.96903610229492,2975400,0.0,0.0
45.43471852814045,45.43471852814045,44.828454866481636,44.93389129638672,2961700,0.0,0.0
45.21506401652049,45.399578634024756,44.60001193974207,44.63515853881836,3977100,0.0,0.0
45.05690153768487,45.15355299610293,44.652725758630886,45.01296997070313,3538600,0.0,0.0
45.2677689002823,45.50500333771279,44.96024128801474,45.40835189819336,4515500,0.0,0.0
45.39077705668787,45.67194304292242,44.8460183773288,45.31169891357422,2772600,0.0,0.0
45.27656038686615,45.46107832148532,44.74058658277392,44.82845306396485,4737800,0.0,0.0
45.56651369214803,45.663165143338496,44.107963655784,44.67029571533203,5266800,0.0,0.0
44.88117164438345,45.02175465842736,44.38912941934805,44.45941925048828,3253100,0.0,0.0
44.46820772236665,44.591217441094415,43.853155776964385,43.96738052368164,3742000,0.0,0.0
43.659853533913754,43.967381187137114,43.106309791286,43.21174621582031,5332800,0.0,0.0
43.14145503070813,43.923451658217274,42.28917191927054,42.62305450439453,4882800,0.0,0.0
42.82514299391939,43.66864107867093,42.754849810975045,43.26446533203125,3606200,0.0,0.0
43.20296322147772,43.65985891984087,42.904227207072026,43.16781997680664,3125500,0.0,0.0
43.23811183928969,43.72136583168921,43.15024869585854,43.484134674072266,3450200,0.0,0.0
42.8690755331772,43.475339166936685,42.710919219715855,42.79878234863281,4475600,0.0,0.0
43.1853930409041,43.747725173759775,42.3946113842234,43.09752655029297,5878700,0.0,0.0
43.34353798964501,43.77407194940192,43.334749667009866,43.519264221191406,3542200,0.0,0.0
43.097528798741386,43.870737197639066,42.99209235627119,43.484134674072266,3738600,0.0,0.0
43.15024796394171,43.396267442787206,43.009664925777976,43.19417953491211,3200300,0.0,0.0
43.06237890817255,43.211750262701685,42.45611522061788,42.51762008666992,3216300,0.0,0.0
42.543976368523815,43.30839969960265,42.31553021269024,43.24689483642578,3628400,0.0,0.0
43.31718294503992,43.87951501552959,43.26446640828373,43.70378875732422,3313200,0.0,0.0
43.16781530467869,44.362772640024794,42.50004345174361,44.27490615844727,6062100,0.0,0.0
44.1782569885254,44.933892010339356,44.14311374584109,44.17825698852539,4072400,0.0,0.0
44.705444627396545,45.06568883122793,44.38034366528841,44.85481262207031,4010200,0.0,0.0
44.42427768236518,44.89874327776408,43.571991242287815,43.58077621459961,4532300,0.0,0.0
43.65985058410189,44.09038792882058,43.61591902282771,43.92344665527344,4432500,0.0,0.0
44.03766881553354,44.19582512030121,43.738929501168336,43.8707275390625,2483100,0.0,0.0
43.879516596851424,44.380343824665225,43.774080167775786,44.2221908569336,3565600,0.0,0.0
43.8795247623692,44.011322837062714,43.27326099266047,43.5368537902832,3408700,0.0,0.0
43.84437387293253,44.20461808231315,43.747722415236616,43.958595275878906,3087900,0.0,0.0
44.143115244549215,44.20462011103956,43.78287101863555,43.8531608581543,2182700,0.0,0.0
44.12553667915593,44.85481001695322,44.072816791987535,44.6615104675293,2411700,0.0,0.0
44.44033327301103,44.44033327301103,43.79447575276858,43.90949249267578,5194800,0.35,0.0
43.06898897764671,43.14861542702005,41.84805121225651,42.1046257019043,10709400,0.0,0.0
42.62661925661254,43.316712880006286,42.48506150373682,42.998207092285156,5430600,0.0,0.0
42.99820211462929,43.201694524896325,42.04268823708333,42.23733139038086,6066500,0.0,0.0
41.83034903299917,42.57352797711348,41.73302745847189,42.5115966796875,4547200,0.0,0.0
42.361194739191816,42.76817281693818,42.20194186094275,42.75932693481445,3438100,0.0,0.0
42.38773923865136,42.47621156715913,41.77727207194047,42.24618148803711,3349400,0.0,0.0
41.6710989749978,41.9276734388042,41.43222302593978,41.64455795288086,4198500,0.0,0.0
42.03383977861928,42.405430953336975,41.963062596531884,42.024993896484375,5054500,0.0,0.0
41.94537433577863,42.334657338603705,41.786121431213076,42.18425369262695,3046400,0.0,0.0
42.193093490202244,42.768173715405325,42.09577528478579,42.49390411376953,3516700,0.0,0.0
41.69764452041167,41.883438430352335,41.5118472354681,41.71533966064453,3790300,0.0,0.0
41.140251796195706,41.79495836354477,41.03408434946422,41.26411437988281,3660100,0.0,0.0
40.759826723804295,41.246431320055926,40.72443643953061,41.157958984375,4327400,0.0,0.0
41.75073271954112,42.2904227636754,41.65341449642151,41.81266403198242,4193800,0.0,0.0
41.37914239948832,42.04269502929088,41.025246313592326,41.99845886230469,3061300,0.0,0.0
41.998448598792,42.34349534196685,41.94536318637957,42.299259185791016,5882300,0.0,0.0
43.8121569280854,43.92717363132517,42.79470848596922,42.90972518920898,5553500,0.0,0.0
43.130910820300244,43.35209497835306,42.98935309414654,43.04243850708008,3073600,0.0,0.0
43.22823715209961,43.6971465388284,43.13091557183451,43.22823715209961,3174400,0.0,0.0
44.23683566228739,44.23683566228739,43.57328312735308,43.67060470581055,4211000,0.0,0.0
40.22013484447343,41.75072913111935,39.77776643648318,40.38823699951172,10970200,0.0,0.0
38.627604196621924,39.01688712971793,38.34448872255161,38.60990905761719,10886700,0.0,0.0
39.94587284521008,40.83945563950336,37.990601708681176,38.689544677734375,14384200,0.0,0.0
38.76031976751952,39.919322795917495,38.36218753925178,39.34424591064453,7537000,0.0,0.0
39.034577576269115,39.238066587857496,38.72492111841769,39.1053581237793,6542300,0.0,0.0
39.56543029721421,40.087425137897604,39.503498991963895,39.68929290771485,5651700,0.0,0.0
39.29115568600994,39.29115568600994,38.53913086064825,38.70722961425781,6251900,0.0,0.0
38.486053606479075,38.724932964899004,38.09677060109289,38.202938079833984,6195600,0.0,0.0
38.60990835123892,39.25576572558335,38.530281914675776,38.76916122436523,4953500,0.0,0.0
39.37077837388848,39.786605652444884,39.30884708240165,39.38847351074219,4181700,0.0,0.0
39.777757698015606,40.42361502679761,39.768911816800454,40.37053298950195,5547500,0.0,0.0
40.81291181632482,41.65341249843056,40.786367415835095,41.32605743408203,4911900,0.0,0.0
41.62686864108016,41.91883342525404,41.18450021051607,41.27297592163086,3609100,0.0,0.0
41.65340845269085,41.94536982969417,40.972160739679225,40.98100662231445,4010400,0.0,0.0
40.50324577956557,40.520940918886375,39.59196804206201,40.09626770019531,6204300,0.0,0.0
40.19359174986282,40.67135041588654,40.18474249215704,40.36169052124024,3072100,0.0,0.0
40.40592065552275,40.591717914587655,39.83084386556712,39.928165435791016,3866800,0.0,0.0
40.6801973342486,40.84829610990555,40.36169154879074,40.7155876159668,4223900,0.0,0.0
40.635957636970225,40.777515376533906,39.963555842790655,40.09626770019531,2972700,0.0,0.0
40.28206396831178,40.70673721196485,40.175896501149246,40.64480590820313,3842100,0.0,0.0
40.61826428735169,41.14025910780568,40.60941840480289,40.97216033935547,2964800,0.0,0.0
41.10487160543228,41.352600208577336,40.78636581210513,40.84829711914063,2750000,0.0,0.0
40.98985587995259,41.1225643694985,40.75097654876647,40.98100662231445,3431500,0.0,0.0
40.89253357958089,41.27297065128642,40.68904453250629,41.1402587890625,2588700,0.0,0.0
41.31720857632275,41.53839277279664,41.12256540342477,41.334903717041016,3887100,0.0,0.0
41.211044073638405,41.50300547899954,41.15795864766217,41.32605743408203,4294000,0.0,0.0
40.8571458008749,41.2729731779636,39.88393666833039,40.04318618774414,7242700,0.0,0.0
39.901620285041965,40.777511025446394,39.883928522611654,40.37053298950195,2826400,0.0,0.0
40.39707488636047,41.06062736700043,40.39707488636047,40.83944320678711,2772300,0.0,0.0
40.99869931753601,41.68879287202755,40.97215829621025,41.626861572265625,2566300,0.0,0.0
41.42337687134537,41.67995135437024,41.06063491689757,41.12256622314453,2823000,0.0,0.0
40.485549787875684,40.9986986923671,39.83084652180356,39.85738754272461,7587400,0.0,0.0
39.99010341578175,40.211287612356884,39.82200126638275,40.20243835449219,4842700,0.0,0.0
40.44131182472251,40.98100172607013,40.36168539050725,40.62710571289063,4630700,0.0,0.0
40.62711314819599,40.85714661136262,40.52979493301347,40.73328399658203,3423900,0.0,0.0
40.60942414788786,41.02524818654585,40.52094843487302,40.83060836791992,3446500,0.0,0.0
40.82175415679416,41.27297180092164,40.76867211042831,41.21104049682617,3012400,0.0,0.0
41.14910723890007,41.591475640576064,40.90138201396249,41.57378387451172,3467900,0.0,0.0
41.458761568427136,41.494151845801575,40.998698087567206,41.37913513183594,3709100,0.0,0.0
41.096022840820865,41.317207029011506,40.76867118729953,41.25527572631836,3132500,0.0,0.0
41.175642934309614,41.53838481200755,40.972153917552454,41.50299453735352,3481900,0.0,0.0
41.75957184524489,42.4496653735659,41.72418156815085,42.28156661987305,5136500,0.0,0.0
42.308312195118496,42.495476859076476,42.10332183936883,42.14788436889648,5564600,0.35,0.0
41.827030578182544,42.16571193749302,41.76464235408631,42.05875778198242,2753800,0.0,0.0
42.15679201640468,42.48655878742688,41.800288409865296,41.9785385131836,5077000,0.0,0.0
41.96070635967105,42.27264736705735,41.88940361518162,42.04983139038086,2366100,0.0,0.0
42.049839078704046,42.29939193024092,41.933973797675094,42.25482940673828,2694300,0.0,0.0
42.0854856586752,42.70936771637931,42.05874542770058,42.6024169921875,5859200,0.0,0.0
42.82523709432617,43.40456008911133,42.789585716206545,43.40456008911133,4118500,0.0,0.0
41.61312366276165,42.023107772665576,41.06945536466645,41.34574508666992,12104300,0.0,0.0
40.891204432853065,41.238796943740894,40.73077659707357,40.88228988647461,5301400,0.0,0.0
40.64164231817175,40.86445834710887,40.3029644021173,40.37426376342773,5083000,0.0,0.0
40.27622830498865,40.50795890283854,39.88407327773139,39.98211288452149,6043100,0.0,0.0
39.88407242628938,39.973197485157854,39.50082855332944,39.54539108276367,4629800,0.0,0.0
39.349314676510545,40.43665465780844,39.31366329354261,40.3029670715332,3510000,0.0,0.0
40.65946237873869,40.8911929206933,40.124705343293506,40.66837692260742,9740700,0.0,0.0
40.70403489127708,41.34574621127424,40.36535693897026,41.20314407348633,6272700,0.0,0.0
41.19422955869483,41.5596477193884,41.08727541417265,41.41704559326172,6364700,0.0,0.0
41.42595284897961,41.56855496171661,40.98923536617989,41.22096252441406,7241200,0.0,0.0
41.336825787562546,41.55964179034171,40.67728892337918,40.90901947021485,4709300,0.0,0.0
41.08727419209017,41.47943257720155,40.93576092504463,41.16748809814453,4927700,0.0,0.0
41.26552530450194,41.31008782752843,40.51686335798824,40.83771896362305,4510900,0.0,0.0
41.16748788350254,41.7735477483304,41.16748788350254,41.74681091308594,4370300,0.0,0.0
41.4705209024378,42.370699621563155,41.32791877068268,42.12114334106445,8279900,0.0,0.0
42.74502725533475,43.00349467140904,40.81989685267297,41.41704559326172,10295600,0.0,0.0
42.13896473849658,43.27087053141746,42.112227903986714,43.09261703491211,7849800,0.0,0.0
43.306514045330466,43.52933002551843,42.84305639855124,43.475852966308594,6648300,0.0,0.0
43.22631028255399,43.44912631493829,42.86980327077797,43.01240539550781,4540800,0.0,0.0
43.270867249604684,43.876927051815564,43.190653352256106,43.51150894165039,4481500,0.0,0.0
43.440214999426225,44.10866309396052,43.440214999426225,43.78780746459961,4338500,0.0,0.0
43.94823221176217,44.242347584879,43.68976481727285,43.84127807617188,4205800,0.0,0.0
43.56498905538928,43.71650231659437,43.32434734650239,43.46694946289063,4068200,0.0,0.0
43.40456241870121,43.80563194431675,43.39564787374157,43.52042770385742,3813000,0.0,0.0
43.012404529075496,43.31543446301009,42.54895018296639,42.557861328125,5033300,0.0,0.0
42.37070004575472,42.691555695391706,42.31722297084754,42.34395980834961,3202700,0.0,0.0
42.34395622042243,42.540035411898025,41.577471944450906,41.75572204589844,3515700,0.0,0.0
41.39921615115075,41.898321847416675,41.20313697053054,41.622032165527344,4540100,0.0,0.0
41.354655168242004,41.80919835853964,41.203138504874346,41.702247619628906,3698800,0.0,0.0
41.746814631613795,41.880505619549886,41.09619218345783,41.13184356689453,4007500,0.0,0.0
41.203130680759934,41.452683490797966,40.92683764114492,41.0961799621582,2997300,0.0,0.0
41.56856345785264,41.880507980655715,41.452698155102745,41.461612701416016,2587800,0.0,0.0
41.247694153225005,41.559638572907375,41.04270385452626,41.550724029541016,2535600,0.0,0.0
41.44378332455226,42.121142588308075,41.38139510551829,42.06766891479492,4194100,0.0,0.0
41.728986712302905,41.78246378460323,41.381394242108065,41.63094711303711,2850800,0.0,0.0
41.56854874125504,42.00526955860489,41.52398622517494,41.889404296875,3293100,0.0,0.0
41.69332737861724,41.94288360185139,41.63093917278425,41.8181037902832,2823500,0.0,0.0
41.4883413304741,42.04092409593386,41.47051564127829,42.02310180664063,3221000,0.0,0.0
41.942880758888094,41.987443274333664,41.09617936581426,41.47050857543945,4670400,0.0,0.0
42.317212672651756,43.54715789697659,41.942883439106325,43.181739807128906,5915000,0.0,0.0
43.36000030722894,43.903668558357545,43.074796064048996,43.76106643676758,4371300,0.0,0.0
43.752155128050006,43.930408629346715,42.718288900412325,43.155006408691406,3648100,0.0,0.0
43.19957002006935,43.51151108070323,42.923276937863214,43.02131652832031,2304700,0.0,0.0
43.38673543268555,43.56498892762373,42.90545201632325,43.065879821777344,2797300,0.0,0.0
42.91436955510594,43.36891276900379,42.78067857459917,42.81632995605469,1644900,0.0,0.0
43.2886998179829,43.698680514079264,43.1015351610567,43.66303253173828,2428600,0.0,0.0
43.50259587661986,44.54537309620552,43.43129312661284,44.40277099609375,2519500,0.0,0.0
43.618461368044564,44.17104752678448,43.172829343197705,43.99279403686523,4594300,0.0,0.0
43.99279191518775,44.768190649052755,43.78780160163275,44.49189758300781,4968100,0.0,0.0
44.31364595848724,44.705800883819045,44.11756679587021,44.40277099609375,3722000,0.0,0.0
44.1977817715412,45.4277270400505,44.11756787577098,45.258384704589844,5583700,0.0,0.0
45.45446357738815,45.45446357738815,44.91970654232097,45.42772674560547,2512600,0.0,0.0
44.991016445500364,45.42773739982164,44.598861421138714,45.40099716186523,3681700,0.0,0.0
45.40098781963202,46.03378785587339,45.3296884661936,45.90009689331055,3088700,0.0,0.0
45.57924130308167,46.02487331175458,45.48120171718924,45.90009689331055,2278700,0.0,0.0
45.86445269959885,46.015969374226344,45.56142275024681,45.68619918823242,3345200,0.0,0.0
45.784914598526875,46.538723593115655,45.677228577379026,46.45795822143555,3732900,0.35,0.0
46.682302358163355,47.050232705631025,46.42205802322177,46.933570861816406,3323500,0.0,0.0
46.888707875270214,47.19382113521741,46.5746222061821,47.15792465209961,1498900,0.0,0.0
46.745125148865746,46.90665589886821,46.29642938180936,46.71820449829102,2338300,0.0,0.0
46.97844131604688,47.80404323503385,46.84383465171678,47.75917434692383,4152900,0.0,0.0
47.01433855430295,47.04125920294792,46.027209306850345,46.13489532470703,5548500,0.0,0.0
45.6323539775327,45.86567767215231,44.6272765095317,44.76188659667969,5822300,0.0,0.0
44.88752117099575,45.434930508478594,44.7259904345819,45.22853088378906,5594700,0.0,0.0
46.05413237903697,47.014341028374396,45.93747052330826,46.33232498168945,3800500,0.0,0.0
46.62845602677442,47.283551333827724,46.51179761027317,47.18484115600586,3510800,0.0,0.0
46.798966026312655,47.82199174338189,46.754093714674,47.70532989501953,3853800,0.0,0.0
47.570721272951225,47.89378275635765,47.364321641503075,47.48995590209961,4104000,0.0,0.0
47.373294829829845,47.920704154690455,47.36431899841561,47.866859436035156,3135300,0.0,0.0
47.09509526141717,47.148939972080356,46.377182902288716,46.78100967407226,3895700,0.0,0.0
47.01433365266332,47.27457797335468,46.709220447816016,46.7989616394043,5387700,0.0,0.0
47.15791803296006,47.56174485316108,46.93357017987911,47.03228378295898,3522300,0.0,0.0
47.34636942150048,48.16299547001758,46.61948456820736,47.52584838867188,6992900,0.0,0.0
47.068171009925145,47.139960528697216,46.12591089683899,46.21564865112305,6323700,0.0,0.0
45.67722399168457,46.31437106915293,45.56056215024163,46.05412673950195,5040600,0.0,0.0
46.44897764693626,47.66943050625868,46.10797137757235,47.10407638549805,6363600,0.0,0.0
46.906652543671726,47.78609577340311,46.72717356503175,47.64251327514648,4565600,0.0,0.0
47.55277244527953,47.70532734220183,46.736146396995935,47.03228378295898,2693200,0.0,0.0
47.22971050128894,47.669430371750906,46.97843858060558,47.58866500854492,2351600,0.0,0.0
47.56174323840554,47.929673568035724,47.23868179321289,47.23868179321289,1290300,0.0,0.0
47.15791556523189,47.229708517633675,46.74511635875071,46.83485412597656,1965600,0.0,0.0
46.969469709126614,47.07715572708339,46.63743582351511,46.6553840637207,1639900,0.0,0.0
46.88870765739272,46.99639368296868,46.3951429982861,46.71820449829102,2323800,0.0,0.0
46.87075101726738,47.130995337114065,46.43103116137953,46.78998565673828,3450800,0.0,0.0
47.068169913784416,47.48994145702821,46.879718580211104,47.40020370483398,3169800,0.0,0.0
47.60661627399322,48.45016643739042,47.40021664896194,48.19889450073242,4022300,0.0,0.0
48.091205332370826,48.512980386428325,47.68737851713244,48.14505004882813,3669600,0.0,0.0
47.89378514815428,48.414273880363595,47.875836906704606,48.18095016479492,2413800,0.0,0.0
48.36939750519454,49.239864829533644,48.26170807315706,48.6834831237793,4197100,0.0,0.0
48.719381454880654,49.07833597216754,48.521954245243066,48.96167755126953,3234700,0.0,0.0
48.65656657639201,48.72835611385495,47.78609575544518,48.13607788085938,3121400,0.0,0.0
47.98352035638764,48.23478885871477,47.73224843078393,47.97454452514648,1940200,0.0,0.0
47.992495400692185,47.992495400692185,47.33740003844157,47.64251327514648,2738200,0.0,0.0
47.37329667741592,48.21684342958788,47.24766241893039,48.100181579589844,3185900,0.0,0.0
48.10017136617432,48.58476348024495,47.938640661484115,47.9655647277832,2163200,0.0,0.0
48.03736658662176,48.414272802116564,47.588670830204144,47.83096694946289,2666200,0.0,0.0
47.857887944763206,48.297607840737406,47.5886677696056,48.25273895263672,2381100,0.0,0.0
48.20786855300904,49.09628414868793,48.154023835010435,48.93475341796875,2532800,0.0,0.0
49.087310882462006,50.15520542952285,49.04244199655261,50.10136413574219,5113200,0.0,0.0
50.98079972295735,51.860242764386825,50.65773831523304,51.08848571777344,5702300,0.0,0.0
51.0974624825921,51.1333589583512,50.35262943861032,50.51416015625,2927800,0.0,0.0
50.25392007454977,50.37955432701188,49.82317259898968,49.93085861206055,3279000,0.0,0.0
49.930852892615356,49.930852892615356,49.132175159212636,49.697532653808594,2966100,0.0,0.0
49.598822277294865,49.98470084684353,49.383446838577,49.77830123901367,1951800,0.0,0.0
49.760354097622994,49.769326505432346,49.428320236252276,49.63471984863281,1514100,0.0,0.0
49.733426139803676,50.00264627890996,49.54497478105031,49.60779190063477,1573600,0.0,0.0
49.428326393093755,49.877022151535314,49.37448166970107,49.80522918701172,1466900,0.0,0.0
49.859070510927175,49.93086004727906,49.52703320755988,49.76035690307617,1550000,0.0,0.0
49.98470374866218,50.05649328355149,49.67061469160098,49.88599014282226,1724000,0.0,0.0
49.778306949210126,50.684670846110535,49.760358708651715,50.5321159362793,3283000,0.0,0.0
50.27186805266602,50.55006062686961,50.146233800856855,50.47826766967773,2610300,0.0,0.0
50.81928349948705,51.08850027487563,50.639804508135654,50.666725158691406,2687800,0.0,0.0
50.72953524727523,50.828248849973825,50.505187395060815,50.58595275878906,2755500,0.0,0.0
50.280838866720636,50.72953456511586,49.903936123241365,50.68466567993164,3190200,0.0,0.0
50.55903824496102,50.666724268569205,49.984708221348114,50.280845642089844,2674000,0.0,0.0
50.03854648505851,50.07444296517529,49.54498186492164,49.71548843383789,3954100,0.0,0.0
49.832147111514026,50.31673932571272,49.56293035582922,50.15520858764648,2780300,0.0,0.0
50.001694000289135,50.31776240705261,49.44180601996344,50.11909103393555,3625200,0.35,0.0
51.130496794784975,51.365290836536246,50.435150509366785,50.49836349487305,4377100,0.0,0.0
50.471276048219174,50.6789763615837,50.20036274578062,50.59770202636719,3586700,0.0,0.0
50.669944838899774,50.68800618412547,50.30872482408442,50.615760803222656,3477400,0.0,0.0
50.769278458247726,50.94085606366623,50.50739413035959,50.52545547485352,2542500,0.0,0.0
51.0311541930521,51.22079656868184,50.73315065108915,51.02212524414063,2682800,0.0,0.0
51.05825211342336,51.17564568313665,50.65188048212956,51.08534240722656,1851900,0.0,0.0
50.80539918904051,50.850554274021256,50.137146647457,50.31775665283203,3253000,0.0,0.0
50.20938982609678,50.45321282266377,49.73077622812234,50.33581924438477,2754500,0.0,0.0
50.25453963125476,50.35387185362585,49.96556502380475,50.14617156982422,2172000,0.0,0.0
50.3719331971976,50.462239915056394,50.11005232752976,50.14617156982422,2345100,0.0,0.0
50.37193933162632,50.796372345128546,50.29066499808013,50.751220703125,2493000,0.0,0.0
51.1485632302833,51.889061229780005,51.12147293232722,51.66329956054688,3720500,0.0,0.0
51.79875589248679,51.85293648625725,51.52784258908583,51.57299423217773,2362700,0.0,0.0
51.52783929751642,51.74456854845282,51.22983227141721,51.46462631225586,2321600,0.0,0.0
51.51880279666749,51.96129710307525,51.383347886839935,51.807777404785156,2389200,0.0,0.0
51.71746931803073,52.00644389925246,51.63619500175907,51.9612922668457,2170700,0.0,0.0
52.15094090131158,52.340579859643405,51.997424633571356,52.05160522460938,3796600,0.0,0.0
52.15997314453126,52.241247481068726,51.97033417422703,52.15997314453125,1937700,0.0,0.0
52.71081881512594,53.06300636938232,52.09674697109217,52.18705368041992,4017300,0.0,0.0
51.99742568254693,52.77404287683721,51.55493132599658,52.638587951660156,5536700,0.0,0.0
52.80113513322542,53.234597082334005,52.76501244292071,52.84628677368164,3638900,0.0,0.0
53.11720086533205,53.3881141570197,52.72889055080164,52.91852951049805,4531800,0.0,0.0
52.80112935724525,53.225558864924096,52.43088043424724,53.16234588623047,4376000,0.0,0.0
54.07442530606056,54.39952259676448,53.27974342265644,53.51453399658203,7319800,0.0,0.0
53.36102266107133,53.61387460164588,52.87337668009239,53.24362564086914,4112200,0.0,0.0
53.61387936229777,53.6409731046575,53.32490470602464,53.5416374206543,4780700,0.0,0.0
53.433265483486636,53.52357221008362,53.162352193394405,53.1984748840332,3435200,0.0,0.0
53.279749375954,53.324901016963736,52.755980694662675,53.02689743041992,4372500,0.0,0.0
53.15332605778777,53.33393607569622,52.74695437870614,52.95465469360352,4480300,0.0,0.0
53.008829267436454,53.451320115211146,52.68373198221892,53.0991325378418,3356300,0.0,0.0
52.94561309976431,53.60483657958903,52.63857717609333,53.33392333984375,3553100,0.0,0.0
53.243627651275425,53.45132795956833,52.87337867651858,52.92756271362305,4726400,0.0,0.0
53.099137537998764,53.27071859071461,52.638585303804646,52.77404022216797,2888400,0.0,0.0
53.053984354987364,53.13525868158047,51.95226647113632,52.17802810668945,4076200,0.0,0.0
52.584400628592775,52.620523317655724,51.898086760642755,52.13287734985352,3901500,0.0,0.0
52.168999825014474,52.68373608507879,51.86196385893672,51.89808654785156,3200300,0.0,0.0
52.11482163711817,52.82822932138453,51.82584698308489,52.79210662841797,2981800,0.0,0.0
52.90046926993652,52.97271120359465,52.34961031579019,52.7108268737793,4371500,0.0,0.0
53.1262344332706,53.324902347640936,52.77404335696743,52.99077606201172,3141100,0.0,0.0
53.333935939691884,53.713213875967845,53.20750651608367,53.46939086914063,2943200,0.0,0.0
53.40617430119545,53.66805863670442,53.108170720496766,53.24362564086914,2193100,0.0,0.0
54.101522099197766,54.22794807302903,53.67708909146479,53.839637756347656,3183900,0.0,0.0
54.18279816152304,54.42662116663183,54.11958517258922,54.20988845825195,2540600,0.0,0.0
54.35437274030472,54.805896033048114,54.300192149879095,54.67947006225586,3668400,0.0,0.0
54.99553379689248,55.329660040791424,54.96844005911485,55.06777572631836,3274800,0.0,0.0
55.636697841641556,56.440408710503256,55.48317813862744,55.78118515014648,4847100,0.0,0.0
55.790218877306785,57.0273952224759,55.61864126027979,56.48556518554688,3479800,0.0,0.0
56.48556671134558,56.76551241022999,56.23271475419162,56.62102508544922,2880200,0.0,0.0
56.62101752747244,56.71132080158783,56.35010426027718,56.56683349609375,2258700,0.0,0.0
57.00030019842504,57.262184538136694,56.79259989464147,56.8648452758789,3110100,0.0,0.0
57.153822854370524,57.23509719002332,56.74745117610652,56.90999984741211,2236100,0.0,0.0
56.86484978146506,57.027398457279176,56.55781377657724,56.64811706542969,2194200,0.0,0.0
56.864845041291545,57.10866803468798,56.747448019689706,57.09060668945313,2677600,0.0,0.0
56.819693583220385,56.9190292659291,56.025015011249884,56.115318298339844,4573700,0.0,0.0
55.91664196926667,56.133374661832896,55.663790031980476,55.9798583984375,2365500,0.0,0.0
55.88052008009408,55.88052008009408,55.130989808824175,55.25741577148438,2813100,0.0,0.0
55.11293463819264,55.185180022004566,54.8510537339981,55.00457000732422,2735600,0.0,0.0
55.257420394161514,55.60961146298421,55.0768138294517,55.26645278930664,3172300,0.0,0.0
55.0858355406438,55.221293891224306,53.89381445699156,53.95702743530274,3349500,0.0,0.0
54.733653199996894,55.52833514675173,54.42661722817225,55.12196350097656,3207100,0.0,0.0
55.60960652036176,55.82633575669024,55.14905086467781,55.53736114501953,2883400,0.0,0.0
55.85342093733277,56.20561194261376,55.73602738042121,56.03403091430664,2067900,0.0,0.0
56.07016859192238,56.115320237027255,55.65476794519783,55.9166488647461,2135100,0.0,0.0
56.2983862665981,56.425637713991854,56.04389030630542,56.37110137939453,2471300,0.4,0.0
56.82556586182869,57.3163825183557,56.798299425548656,57.05279541015625,2383500,0.0,0.0
57.143682691911,57.67085687924357,57.107328601291286,57.58905410766602,1881800,0.0,0.0
57.50724800074815,58.21620646905085,57.489069222868864,57.93444061279297,2219400,0.0,0.0
58.11622991899288,58.47071093838144,57.84355514559603,58.23439025878906,3414100,0.0,0.0
58.452524353477116,59.5341391774183,58.3434586129084,59.4432487487793,3579000,0.0,0.0
59.89770533772965,60.42487951022515,59.44324627892214,59.50687026977539,5235100,0.0,0.0
59.25237629122147,59.33417559598941,58.906982956880896,59.13421249389648,3056700,0.0,0.0
58.988790013895084,59.05241400776164,58.45252469316667,58.47070693969727,3087900,0.0,0.0
58.96152254879172,58.96152254879172,58.334366809849826,58.44343948364258,5103700,0.0,0.0
58.488882251732605,58.73429403842882,58.22529515300106,58.47070693969727,3234000,0.0,0.0
58.35254765605978,58.38890521743905,57.06188543232633,57.57088088989258,3199900,0.0,0.0
57.57087380274351,57.79810333251953,56.96189685997509,57.79810333251953,3069000,0.0,0.0
58.17075933796957,58.634309518102576,58.05259901223503,58.22529220581055,2469200,0.0,0.0
58.906979677525904,59.343263415485744,58.58885973031287,58.86153793334961,3613700,0.0,0.0
58.43434761677476,59.55231303731664,58.234384517947426,59.53413772583008,2699500,0.0,0.0
59.48868792143237,59.68865101648174,59.17056796771514,59.66138458251953,3838000,0.0,0.0
59.943147261950436,60.324898142705095,59.69774242063917,60.27944946289063,2846300,0.0,0.0
60.279447391590395,60.388520058700244,59.6159341353713,59.71591567993164,2394500,0.0,0.0
59.970418497721184,60.552125519284566,59.8977033864021,60.37942886352539,3518100,0.0,0.0
60.09766411089026,61.17018768991972,59.67956263899666,59.70682907104492,6039100,0.0,0.0
59.85225641454479,60.497587443286584,59.80681466954586,60.3976058959961,4000200,0.0,0.0
60.46123225645781,60.95204888935074,59.96133143490596,59.98859786987305,3372800,0.0,0.0
59.89770102779544,60.05221543239315,59.09784870377077,59.1251220703125,3014700,0.0,0.0
59.78863711970399,60.27036264839525,59.78863711970399,60.079490661621094,2577600,0.0,0.0
60.015860283649246,60.07948427247454,59.079675761865,59.21601486206055,2776300,0.0,0.0
59.72501869396768,59.97951470006707,59.48869800209133,59.59777069091797,2599300,0.0,0.0
59.67047629069263,60.297625081460225,59.297816530900384,59.306907653808594,1773400,0.0,0.0
59.615935710700576,60.63392649380832,59.561402842952006,60.47941207885742,2514100,0.0,0.0
59.69774154094868,60.01586149147739,59.27964004389741,59.51596069335938,2946600,0.0,0.0
59.77953994138068,60.4248778899382,59.65229196308631,59.83407974243164,3252200,0.0,0.0
59.81590754285558,59.997695352730744,59.74319935340142,59.84317398071289,2104200,0.0,0.0
59.53413826249852,59.82499179037062,59.14330318431146,59.76136779785156,2815700,0.0,0.0
60.07948727482865,60.26127506233878,59.91588173331707,59.96133041381836,1820600,0.0,0.0
59.9704186462278,60.352162579856326,59.89770353472864,60.14310836791992,2435300,0.0,0.0
60.079487760446824,60.12493644131546,59.597762255017564,59.76136779785156,1950300,0.0,0.0
60.04313454372787,61.07021655585783,59.752280994827274,60.91569519042969,2841100,0.0,0.0
60.742995565563575,61.12473948618,60.443050941724465,60.67028045654297,3058800,0.0,0.0
60.79753015564028,60.98840212136582,60.533943078830326,60.68845748901367,2216300,0.0,0.0
60.87933318177585,61.624645694887114,60.8520598156851,61.4246826171875,2441600,0.0,0.0
61.08838631727284,61.406506273958044,60.84298147482853,60.89751434326172,2755800,0.0,0.0
61.01567190381329,61.2156350030249,60.815715739096724,60.88842391967773,2208800,0.0,0.0
61.4610442388059,61.624649773707574,60.97022763410089,61.033851623535156,2274400,0.0,0.0
61.133838678556224,61.142922867512134,60.41579248480291,60.62483978271485,2779000,0.0,0.0
61.21562414643436,61.26107281892032,59.90678697966298,60.29761505126953,3817700,0.0,0.0
60.23400142718477,60.57030363172119,60.034045263549736,60.35216522216797,2034400,0.0,0.0
60.85206996981806,61.3792441836309,60.561216426765355,60.69755554199219,3633800,0.0,0.0
61.9609462387628,62.0700189089871,61.142918548317716,61.33379745483398,4113800,0.0,0.0
61.72462657775247,61.80642587167245,60.95204070676118,61.351966857910156,3637000,0.0,0.0
60.997503920768956,61.82461591702256,60.997503920768956,61.27926635742188,3225400,0.0,0.0
61.35197705510986,62.05184100144945,61.279261936543435,61.63373947143555,2701700,0.0,0.0
61.83369725013858,61.915503485097894,61.52466842461282,61.80643081665039,2126300,0.0,0.0
61.851872886689776,62.59718537187536,61.74280022989651,61.83369064331055,3545400,0.0,0.0
61.67010059748208,62.2972563960229,61.53376147590853,61.95186996459961,4229900,0.0,0.0
61.80643258306422,61.86096545159912,61.20654329120042,61.24290084838867,3741100,0.0,0.0
61.43377206775432,61.53375361516954,60.988404133037776,61.33379745483398,3320400,0.0,0.0
62.03365371351786,62.24270790541478,61.77006666047132,61.83369064331055,2870100,0.0,0.0
62.31541643552576,62.93348095860423,62.269974695803185,62.45175552368164,2871900,0.0,0.0
62.624449657179824,62.86077027155614,62.27905638974665,62.59718322753906,2279600,0.0,0.0
62.54264654313192,62.55173766496208,61.29743329767129,61.36105728149414,2748200,0.0,0.0
61.433765824802784,61.72462624917679,61.079288350714705,61.31560897827149,2797200,0.0,0.0
61.506498565382394,62.33361753172676,61.370159435990935,62.260902404785156,2442600,0.0,0.0
62.15181806992222,62.433587400406026,61.760983003956206,62.07001876831055,2501000,0.0,0.0
61.932878956696435,62.21630845756883,61.86888009689025,61.91459655761719,1888000,0.4,0.0
62.298591341989784,62.563731475348604,62.08831235800528,62.33516311645508,1682600,0.0,0.0
62.399159017872954,62.70087091138461,62.188873068511136,62.32601547241211,1730400,0.0,0.0
62.32601069922365,62.728293193097365,62.32601069922365,62.6734390258789,1713900,0.0,0.0
61.97858912798842,62.36258224785879,61.71344902845357,62.271156311035156,1978600,0.0,0.0
62.326011551572066,62.78314821891588,62.326011551572066,62.6642951965332,1411700,0.0,0.0
62.984279717671086,63.587703373314646,62.911136188135345,63.523704528808594,3060000,0.0,0.0
63.83455173159584,63.89855057376117,63.112275098386725,63.20370101928711,1683200,0.0,0.0
62.87457736655779,62.97514799653492,60.29632671015368,61.22888946533203,7020200,0.0,0.0
60.716891887680895,61.594593399651366,60.570604814676685,61.2197380065918,3573700,0.0,0.0
61.22888477046868,61.43002601499996,59.976327822929534,60.03118896484375,4908300,0.0,0.0
60.11347925932157,60.38776408410601,59.491773035116,59.94890975952149,6086200,0.0,0.0
61.19230809017182,62.1980072567671,61.07345508037415,61.8505859375,6671200,0.0,0.0
62.00602412162018,62.33516311645507,61.83230993674822,62.33516311645508,2634900,0.0,0.0
62.088306304052104,62.582007772813064,62.02430047346419,62.55458068847656,2302800,0.0,0.0
62.07916638811316,63.15800929881785,62.03344992713779,62.84715270996094,3187200,0.0,0.0
61.50317557263653,61.56717443893122,59.50092134121457,60.28719711303711,10390500,0.0,0.0
59.88490873283007,60.42432669996416,59.36377316485618,59.60148620605469,4926200,0.0,0.0
59.610628318228905,59.939767330229756,59.09863739971786,59.6289176940918,3909000,0.0,0.0
59.64719336305916,59.71119222065039,58.4586386664956,58.95235061645508,3798100,0.0,0.0
59.12605656915408,59.372914282768576,58.69634697351953,58.9249153137207,3983600,0.0,0.0
58.97062941139218,59.09862711875309,58.385495041927435,58.81520462036133,3513500,0.0,0.0
58.3397843344554,58.8609163827624,57.672365200436325,58.056358337402344,5020400,0.0,0.0
59.391194145497884,60.570607567630574,59.22662466856421,59.72033309936523,6144300,0.0,0.0
59.70205746706891,60.049478857584106,58.10207548498793,58.22093200683594,3948200,0.0,0.0
57.708930985302594,58.879203206592216,57.608360362068424,58.85177612304688,4009000,0.0,0.0
58.82434768361866,59.22663021498523,58.303215608093936,59.03463363647461,3477500,0.0,0.0
58.56835161619618,59.01635060325907,58.43121269916649,58.90663528442383,3339200,0.0,0.0
58.70549005856658,59.06205610152405,58.422067556562425,58.60491943359375,4081600,0.0,0.0
58.97063531706166,59.811765185483964,58.9249188561322,59.60148620605469,4011000,0.0,0.0
59.39120167400183,60.49747169654021,59.3546298994527,60.259765625,4504400,0.0,0.0
60.268897585470114,60.48832821182394,59.60148194586215,60.00375747680664,3411200,0.0,0.0
59.985484981547955,60.780905438848926,59.775199007082215,60.75347137451172,3157100,0.0,0.0
60.92717383413954,61.60373414169834,60.854030294038076,61.3294563293457,3571500,0.0,0.0
61.37517578794473,61.64031593240152,61.183179195480086,61.43917465209961,2879800,0.0,0.0
61.22888177457134,61.65859132588965,61.05516762182101,61.12831115722656,2727900,0.0,0.0
61.60374384374285,62.188878306004256,61.25632243657293,62.11574172973633,2997800,0.0,0.0
61.84144822423704,62.46315437510121,61.53059863648096,62.39001083374024,2552000,0.0,0.0
62.01516993398803,62.62773147284946,62.00602524636764,62.28944778442383,1877900,0.0,0.0
62.316867709949854,62.316867709949854,61.302023850255424,61.67687225341797,2605700,0.0,0.0
61.558029163097686,61.60373864749044,60.012904898363026,60.1500473022461,4742800,0.0,0.0
60.60718193372261,60.954603299752826,60.07690171029317,60.23232650756836,2640200,0.0,0.0
60.15919763622539,60.552335510738246,59.939766979274225,60.43347549438477,2142200,0.0,0.0
60.57060746672162,60.72603225708008,60.27804028325493,60.72603225708008,2258000,0.0,0.0
60.716897519283506,60.95460357193564,60.08604666530557,60.19575500488281,2530600,0.0,0.0
60.561463156453726,61.14659752702028,60.561463156453726,60.890602111816406,2149500,0.0,0.0
60.79918516112826,61.914599899689634,60.36033083065955,61.44831848144531,2741500,0.0,0.0
61.44831240277762,61.55802771837964,60.332897774556706,60.36032485961914,2255500,0.0,0.0
60.488321826840476,61.07345615131464,60.396888921168404,60.69860076904297,2589200,0.0,0.0
60.87232513843706,60.945468685113255,58.650640479453365,59.03463363647461,5136600,0.0,0.0
59.03463645764562,60.04948054637994,58.67807036975008,59.61062622070313,5120100,0.0,0.0
59.729481649751655,60.012904165724876,59.61976633291411,59.82090759277344,1719000,0.0,0.0
59.76605116080404,60.707751591468956,59.76605116080404,60.04032897949219,3233200,0.0,0.0
61.137459705543726,61.996871887125025,60.34203940229588,60.68946075439453,3575300,0.0,0.0
60.24147769356867,60.396902507612225,59.574061974274336,60.27804946899414,2530400,0.0,0.0
60.04033707714088,60.76261395519843,59.967193525484994,60.50661849975586,2708700,0.0,0.0
60.15004300460666,60.387756022662884,58.14778218688885,59.11691665649414,4345200,0.0,0.0
58.9340652623264,60.36032960041233,58.92492057480329,60.32376480102539,2554300,0.0,0.0
60.27804360443182,60.64375434775295,59.62891034832914,60.36032485961914,2399000,0.0,0.0
60.24146646333928,60.50660655423178,59.8117569013877,60.14089584350586,2246700,0.0,0.0
60.360323039358924,60.598036061651875,60.04947345088908,60.17747116088867,2126400,0.0,0.0
60.15003697355,60.62545598664178,59.985467512219934,60.543174743652344,1839200,0.0,0.0
60.6071826259202,60.78089679859541,60.25061656910961,60.46089553833008,1625600,0.0,0.0
61.027752591602834,61.53974348984645,60.70775828020058,61.25632095336914,2307600,0.0,0.0
61.39437779759535,61.66131072989143,61.17347044837437,61.47722244262695,1658500,0.45,0.0
61.36676446512981,61.514040711055934,61.07221899579547,61.40358352661133,1069600,0.0,0.0
61.44961075920485,61.826993860118094,60.82370074224703,60.8973388671875,3278300,0.0,0.0
61.090638278271406,61.71654834235901,60.786886256908595,61.21950149536133,2521300,0.0,0.0
61.21949644979967,61.329946613905925,60.26222189994318,60.47392272949219,3872900,0.0,0.0
60.21619602726504,60.74085537180336,59.18529038046304,60.41869735717773,5269900,0.0,0.0
60.12415480989368,60.83290247656723,59.72835865194087,60.75006484985352,3611800,0.0,0.0
61.7441590099862,62.48051922491381,61.62449529595313,61.900634765625,4100500,0.0,0.0
61.69814038303221,61.77177851958602,60.53836431112693,60.6948471069336,2798900,0.0,0.0
60.65801718323775,61.283927186893244,60.43710983562933,60.8052864074707,3002900,0.0,0.0
60.777682665201766,61.14586631286053,60.630413419649656,60.91575241088867,2314900,0.0,0.0
61.0446008583431,61.780967975422925,61.0446008583431,61.58767318725586,1753500,0.0,0.0
61.449615463424884,61.75336046265057,61.36677081089521,61.69813537597656,2216000,0.0,0.0
61.19188934441106,61.56006595416086,60.88813732110064,61.25632095336914,2706600,0.0,0.0
61.072224171754094,61.4496143170357,60.16097514603975,60.20700073242188,3275100,0.0,0.0
60.216207685406744,60.538365762403686,59.91245563172989,59.99530029296875,2924200,0.0,0.0
59.75597243735396,60.924954914879656,59.525858550559605,60.70404052734375,5507200,0.0,0.0
61.30233764648438,61.80859100321015,60.924954526258475,61.30233764648438,4916900,0.0,0.0
61.99268568112445,63.272118453384145,61.74416574930878,62.71063995361328,6814500,0.0,0.0
63.051213383694105,63.66791699707885,62.27803399184208,62.31484603881836,3206200,0.0,0.0
62.084721159046325,62.21358436826825,60.78688254544882,61.06301498413086,3719200,0.0,0.0
61.05381382889398,61.578473172925996,60.8513124991767,61.07221984863281,1816900,0.0,0.0
61.099831174559725,61.274719959932156,60.40948957653321,60.4647216796875,1438800,0.0,0.0
60.89733598325782,61.45880734741441,60.768465759455864,61.449607849121094,2225500,0.0,0.0
61.606096763587104,61.67052837800664,60.989393165211666,61.19189453125,1996900,0.0,0.0
61.57847367837461,61.57847367837461,61.07222034992599,61.09063339233398,1877000,0.0,0.0
61.87302202322914,61.90984108723431,61.30233706492661,61.440406799316406,2783800,0.0,0.0
61.43119969751866,61.79017679003081,60.80528966037878,61.57847595214844,2807500,0.0,0.0
61.57847721578454,61.771772037063926,61.173474529760036,61.53245162963867,3050300,0.0,0.0
61.670519203864096,61.78097639323131,60.934151986452456,61.02620315551758,3793500,0.0,0.0
60.95256109895778,61.02619922045428,60.704034194536476,60.79608535766602,2027100,0.0,0.0
61.79017659740435,62.60938144930323,61.56006271715143,62.250404357910156,3469900,0.0,0.0
62.76587061100797,63.40098020981181,62.4713250952169,62.54495620727539,3300600,0.0,0.0
63.35496697831468,63.640305995684926,62.72905682672991,63.327354431152344,2632400,0.0,0.0
63.49302285429771,64.17415795128127,63.33654008372578,64.14654541015625,3244000,0.0,0.0
63.879619830093745,64.18337186247875,62.784275422564185,63.06961441040039,3663900,0.0,0.0
63.10642386740549,64.06369838512506,62.99597370700721,63.92562866210938,3299300,0.0,0.0
64.026893087599,64.1005312253726,63.37337041552686,63.52984619140625,2491000,0.0,0.0
63.815173184874,63.990054931773436,62.89471780481529,63.10641860961914,4096700,0.0,0.0
63.134052832876556,63.41939887401792,62.6370129367354,63.3825798034668,3752600,0.0,0.0
63.26291088359436,64.04529666990453,62.98677141900569,63.06040954589844,4189900,0.0,0.0
63.861210746117955,65.80337273785052,63.41939596481082,65.50882720947266,6755800,0.0,0.0
65.50880700020198,65.6560832302163,64.78164641516989,65.13142395019531,2863800,0.0,0.0
65.36156198312534,65.96905910047718,65.08542246090738,65.95065307617189,2811800,0.0,0.0
65.75735487072521,66.36485195713831,65.55485350108101,66.21758270263672,3510200,0.0,0.0
65.95063508846597,66.91710910758836,65.93222204666297,66.07949829101561,3496000,0.0,0.0
66.09790664881093,66.42927118781006,65.75734261110266,65.913818359375,3634600,0.0,0.0
66.20836361324339,66.53972815112776,65.28790812412421,65.45359039306639,2658000,0.0,0.0
65.35234541449918,65.80336667711092,64.20177595297629,64.3858642578125,2577700,0.0,0.0
64.17415004413428,64.86449157727252,62.5173275555956,62.627784729003906,3518200,0.0,0.0
62.066310285562935,63.92562717503256,61.45880632743313,63.75994491577149,4476000,0.0,0.0
63.152460504998295,64.38586766215714,62.94075262297601,63.62189483642578,3122300,0.0,0.0
64.0544914372378,64.06369795804889,61.440401328309996,61.449607849121094,3683600,0.0,0.0
61.9466665328916,62.24121205275818,59.64552746439665,61.73495864868164,5188900,0.0,0.0
62.195176988539174,63.465403032755106,62.18597046736221,63.299720764160156,3146000,0.0,0.0
63.152463064021006,63.575871822703625,62.802692443157795,63.28132629394531,2051600,0.0,0.0
62.83949289429381,64.49631557691407,62.67381062603177,64.35824584960939,2740200,0.0,0.0
64.33984492079527,64.51472670153551,63.686322317194694,64.06370544433594,2499500,0.0,0.0
63.65871289440116,64.33064155219284,63.09723441459224,63.97166442871094,2286200,0.0,0.0
63.81517850171108,64.41347595310054,63.548245576552155,63.92562866210938,1869300,0.0,0.0
64.49630926329837,64.94733044065923,63.98085648917166,64.0452880859375,2914000,0.0,0.0
64.14719494542153,64.23983824137181,63.081779371417205,63.18368911743164,2492600,0.45,0.0
63.39678915710625,63.72104429915227,63.211502524003365,63.70251846313477,2042000,0.0,0.0
63.69324505417603,63.90633102037901,63.46163325397904,63.59133529663086,1643600,0.0,0.0
63.68397989234993,63.73957153191989,62.51666148485106,62.52592086791992,3027700,0.0,0.0
62.859445868049896,63.08179123378816,61.97932378867185,61.98859024047852,3182000,0.0,0.0
61.71065048160802,62.34990133137397,60.83978782462038,61.126991271972656,2797500,0.0,0.0
60.87684550870304,60.95096298210717,59.77437106356815,60.19127655029297,3749400,0.0,0.0
60.339507997436044,61.00655116106063,60.05231160629892,60.39509963989258,3380800,0.0,0.0
60.774939849243886,61.28448867797851,60.311716211569426,61.28448867797852,2971900,0.0,0.0
60.997283751366936,61.219636181237746,60.33950704985358,61.15478515625,2245900,0.0,0.0
61.56241577239975,62.044172291509895,61.49756474885393,61.82182693481445,2369400,0.0,0.0
62.071961574176896,62.544451618995495,61.81255749254507,62.50739288330078,2700100,0.0,0.0
62.609310412754965,62.76680475783808,62.183145501701404,62.40549087524414,1926700,0.0,0.0
62.72974630800812,63.27635389461203,62.4796086451433,62.60004425048828,2227700,0.0,0.0
62.692685007592594,62.7482766501397,61.868147503499905,62.03490829467773,2151700,0.0,0.0
62.275784099635146,62.37769386066877,61.77550174589682,61.82182693481445,2910900,0.0,0.0
61.90520631068184,62.136818128226786,61.451249127398654,61.98859024047852,3955300,0.0,0.0
62.2294595068036,62.99841241352066,62.053439337339704,62.65562438964844,3477100,0.0,0.0
63.00767479164143,63.878530335836636,62.72973780990464,62.85943984985352,4205000,0.0,0.0
62.887234654299746,63.13737936153248,61.90520286441318,62.12754821777344,4586300,0.0,0.0
63.665457821654385,64.02677169317761,61.117727817295716,61.33080673217773,6151000,0.0,0.0
62.39621618186158,62.535184672557925,59.67246627807617,59.67246627807617,5608500,0.0,0.0
60.265396344603346,60.9880240675449,59.75584753061555,60.96023178100586,4491000,0.0,0.0
61.219640892077635,61.97006096299936,60.459954368806976,60.8953857421875,4917100,0.0,0.0
60.932434331656935,61.284488820778186,59.524237579867275,59.88555145263672,5391100,0.0,0.0
60.05230684471654,61.09918962958889,59.690993004440635,60.75640869140625,3710100,0.0,0.0
60.84905140781694,61.07139675316446,58.96836475274233,59.86701965332031,4017100,0.0,0.0
60.17274308227415,60.26539345727418,59.2926210656238,59.74657821655274,3023600,0.0,0.0
59.357472101223934,60.27465285444499,59.08880156376904,60.20054244995117,3329700,0.0,0.0
60.40435159912477,60.91390036099578,59.95039447287751,60.69155502319336,2331800,0.0,0.0
60.79347471962684,60.932436160839146,59.283364622403624,59.76511764526367,3312400,0.0,0.0
60.543331755987026,60.80273587813027,60.01525705927192,60.08937454223633,2250300,0.0,0.0
60.7100874540938,60.89538114592553,57.3378200133042,58.45882034301758,8879900,0.0,0.0
58.588522059068794,59.84848727329469,58.51440458722961,58.95909881591797,5543300,0.0,0.0
59.329682819120684,59.70026313327252,58.468086592716105,59.061012268066406,3390600,0.0,0.0
59.50570628256622,59.663200608911154,58.125298410770505,58.310585021972656,4409000,0.0,0.0
59.033223399890424,59.57056453311488,58.875725520315115,59.36674499511719,2963400,0.0,0.0
59.92260525556803,60.24686036233759,59.29262087603095,59.45011520385742,3574000,0.0,0.0
59.848489814186,60.53405878722664,59.80217169349342,60.46920776367188,3125500,0.0,0.0
60.441415172187526,60.68229343055867,60.12642650743648,60.27465438842773,4343200,0.0,0.0
60.1634805698824,61.062135442080624,60.1634805698824,61.03433609008789,3844900,0.0,0.0
61.03434651332072,61.66433096968938,60.969495484057724,61.39566040039063,3621100,0.0,0.0
61.61801154355313,61.84035691515437,60.35804265742626,60.71935653686523,3303300,0.0,0.0
60.72861965339289,61.2196355616495,60.44141620144103,61.21036911010742,3147400,0.0,0.0
61.51610103828632,61.66432892816634,59.38526945893527,59.5798225402832,5282400,0.0,0.0
59.63541086060329,60.29318754704946,59.246301185474,59.62614440917969,3226400,0.0,0.0
60.22833720315114,60.22833720315114,58.403235004838756,58.4217643737793,3950600,0.0,0.0
58.588523166154296,59.42232353540707,58.282793890214,59.39453125,4537200,0.0,0.0
59.51496047419803,59.690987687247976,58.069705241835784,58.22719955444336,3822600,0.0,0.0
58.34764878887618,58.68117037238282,57.68987207369136,58.64411163330078,4182700,0.0,0.0
58.366174334486246,59.11659784821127,57.99559403617658,58.894248962402344,2228500,0.0,0.0
58.95910346260231,58.95910346260231,57.97707162214632,58.30132675170898,3319400,0.0,0.0
58.57926378938317,59.28336573373002,58.319859669948045,58.505149841308594,3589400,0.0,0.0
58.82939779262948,59.264829111932876,58.56999370493331,59.246299743652344,3239400,0.0,0.0
59.283361889565775,59.829965915871604,59.25556606848863,59.34820938110352,2256600,0.0,0.0
59.31114196777343,59.70951451516139,58.84792193833209,59.31114196777344,2542400,0.0,0.0
59.29262447524372,60.385832521735296,59.088804947693006,60.05231094360352,2552700,0.0,0.0
60.182014208570884,60.53406162893306,59.894817814807844,60.38583374023438,3745000,0.0,0.0
60.47847998318427,61.145523185212824,60.320985634992006,60.645240783691406,2920000,0.0,0.0
60.71935409986707,60.75641283835189,59.8206991292471,60.05231094360352,2679700,0.0,0.0
60.13569702406562,60.22834033947688,59.468653843933495,60.070838928222656,2627200,0.0,0.0
60.20054157544729,60.69155745571339,59.8299612854365,60.0059814453125,2252600,0.0,0.0
60.10789471464863,60.561858953852614,59.95040037936474,60.26539611816406,2800000,0.0,0.0
60.098638484201615,60.52480339109678,59.32041908204774,59.92261123657226,3523400,0.0,0.0
60.081330030126296,60.25872862623115,59.48378511232787,59.89459991455078,3276200,0.5,0.0
59.8292433204635,60.3427546970154,59.819904677748795,59.98796463012695,3637600,0.0,0.0
59.465111275771754,59.51179736622582,58.092626408319155,58.400733947753906,4545400,0.0,0.0
58.503439638188965,58.91425089195914,58.21400225111186,58.70884704589844,3175400,0.0,0.0
58.858230747028635,59.00761697484754,58.01793098951688,58.148643493652344,8064200,0.0,0.0
58.522109063168315,59.02628890233294,58.4567528130894,58.9796028137207,3127300,0.0,0.0
59.18501489760735,59.36241350043881,58.858233621310646,59.13833236694336,2827900,0.0,0.0
56.65478116586315,57.635128507669535,56.477386133498705,56.57075119018555,11535300,0.0,0.0
56.36534330352799,57.42038553086897,56.29998705208328,57.37370300292969,4817200,0.0,0.0
57.299005413146375,57.83119404224305,56.95355044867009,57.26166152954102,4265800,0.0,0.0
56.98156721418413,57.102944647395496,56.45871715416392,56.89753723144531,2878600,0.0,0.0
56.95355415734622,57.457734016157744,56.95355415734622,57.084266662597656,2225300,0.0,0.0
57.224317918427296,58.31670405292877,57.17763538955649,58.04594039916992,4348400,0.0,0.0
58.32604051232668,59.65184280320106,58.25134561961057,59.5958251953125,6936700,0.0,0.0
60.17469657688397,61.08035261875922,59.577155205948564,59.94128036499024,5777100,0.0,0.0
59.75454887137518,60.93096854680362,59.22236020542138,60.85627365112305,5509700,0.0,0.0
60.01597275341831,60.268066240771354,59.73587402318512,60.1746940612793,3603600,0.0,0.0
59.71720218061422,59.894600779280275,58.886241044700725,59.25970840454102,3106800,0.0,0.0
59.679850774248955,59.75454566592261,58.47542592002304,58.82088088989258,3974700,0.0,0.0
58.746191375463,59.278383623230134,58.0552813724825,58.26068878173828,2829400,0.0,0.0
58.503439805443286,59.521134642183426,58.44741863182178,59.31572723388672,5053800,0.0,0.0
56.19728306523199,56.496055516488454,53.17221110584825,54.65673828125,16790000,0.0,0.0
54.656741987427615,56.01989183392406,54.1525621061266,55.79581069946289,6526300,0.0,0.0
56.29998665522173,56.29998665522173,54.19924085792504,54.21791458129883,5691400,0.0,0.0
54.24592211148223,54.329952083866466,53.02282353323768,53.36827850341797,5905800,0.0,0.0
53.368276348595764,54.28326736558635,53.28424637960436,53.50832748413086,4986100,0.0,0.0
53.060167699313176,53.62970018621473,52.79873915602826,53.35894012451172,5315100,0.0,0.0
53.34961331031178,53.38696076215353,52.70538579346236,52.99481964111328,4037400,0.0,0.0
53.284251819152956,53.35894671550315,52.78007195373511,53.11619186401367,4248800,0.0,0.0
53.15353545806511,54.15255647359437,52.966801792378206,53.73240661621094,4357600,0.0,0.0
53.68572351818858,54.1618909770507,53.452307328979074,54.096534729003906,4122700,0.0,0.0
53.713734851701396,54.95551074638918,53.54567490262111,54.91816329956055,6025500,0.0,0.0
54.15255788962454,54.58204283878109,53.67639041323768,54.14322280883789,5568900,0.0,0.0
54.441997701995724,54.66607526742363,54.16189540273782,54.52602767944336,3451500,0.0,0.0
54.17123283354396,54.73143029622833,54.06852913433382,54.1992416381836,3241000,0.0,0.0
54.367302805753965,54.68474899148407,53.807105330535535,54.52602767944336,2864300,0.0,0.0
54.45133261482334,54.955512477950094,54.32062010845315,54.70342254638672,2398900,0.0,0.0
55.207606126039934,55.81448616956311,55.086228692675725,55.58106994628906,4563200,0.0,0.0
55.27295918825515,55.394336614602445,54.84347421705547,54.95551300048828,3811300,0.0,0.0
54.82479909199488,54.89015534413144,54.236589261117324,54.28327178955078,3348900,0.0,0.0
54.339300332618215,54.5260340333339,54.068536644662906,54.29261779785156,2433500,0.0,0.0
54.60072243494487,54.61006107838453,53.58302756060557,53.91914749145508,4035200,0.0,0.0
53.62037044130806,53.97516406715096,53.041499255094955,53.93781661987305,3075600,0.0,0.0
53.61103568436499,54.13388929920601,53.555018071036606,53.84445190429688,3106400,0.0,0.0
54.031182550215426,54.507353606587884,53.85378751524944,54.35796737670898,3256700,0.0,0.0
54.32062200069871,55.0862269032355,54.180570846624185,54.83413696289063,3241500,0.0,0.0
54.936839189355744,55.5530578397339,54.7594441523972,55.31030654907226,3243200,0.0,0.0
55.235609904881976,55.33831360363704,54.526026217849406,54.73143005371094,2499400,0.0,0.0
54.10587839932543,55.20760319971297,53.424303490890544,54.94617462158203,4946000,0.0,0.0
55.03020035799074,55.51570646663891,54.90882650206504,55.13290405273438,2644900,0.0,0.0
54.62872348019269,54.6847446479243,54.17122974282064,54.53535842895508,2456400,0.0,0.0
54.74076584115633,54.83413089243743,54.35796343226635,54.79678344726562,2708300,0.0,0.0
55.20760188786976,55.32897575026744,54.61939205311308,54.7127571105957,2232100,0.0,0.0
55.17025125805917,55.63708364184318,54.94617014671754,55.40366744995117,3606600,0.0,0.0
55.7771355862764,56.318659307220656,55.553054471702175,55.64641952514648,4521900,0.0,0.0
55.441013906380384,55.618408926860134,54.80612159082875,55.07688522338867,3623000,0.0,0.0
55.011527169892204,55.515707006271704,54.71275472499661,55.38499450683594,3590400,0.0,0.0
54.610055695230244,55.282291929015074,54.42332202298225,55.27295684814453,3590900,0.0,0.0
55.338310547165136,56.04789419500565,55.23560685408266,55.86116409301758,3494500,0.0,0.0
55.43167574600719,56.61743041736578,55.31030189172088,56.5614128112793,3421700,0.0,0.0
56.36534112551104,56.82283842959442,56.33733232215947,56.72013473510742,2674000,0.0,0.0
56.953553128178974,57.5604366763354,56.776158097350276,57.37370300292969,3207800,0.0,0.0
57.23364998631114,58.00859345903245,57.07492868417697,57.76583862304688,4190900,0.0,0.0
57.201079967693175,57.53052361679576,57.116365373543026,57.41757202148438,3340900,0.5,0.0
57.4646307299621,58.03880698314745,57.45521959381132,57.63405990600586,2324800,0.0,0.0
57.95409166487937,58.37766459965154,57.728188493444996,58.07645797729492,2647100,0.0,0.0
58.13293894302173,58.15176480800889,57.62465495103498,58.11411666870117,2923000,0.0,0.0
58.23647296305501,58.8577120762438,58.179998965007236,58.650634765625,3879100,0.0,0.0
58.33060396656167,58.39649269330269,57.75642769867593,57.96350860595703,2068000,0.0,0.0
57.93526580661189,58.20823543022679,57.681122045729005,57.87879180908203,2477800,0.0,0.0
57.61523465309613,57.7281898320988,57.314028023754865,57.6058235168457,2379100,0.0,0.0
57.38933596595821,57.671716754222864,57.19166618257307,57.37051010131836,2980300,0.0,0.0
57.87879874236165,58.32119400222667,57.46463689397748,58.11411666870117,4005000,0.0,0.0
57.671712100134506,58.5470949865784,57.60582337454553,58.41531753540039,2365300,0.0,0.0
58.66946258293621,59.03655794514021,58.34001535712946,58.34943008422852,3134500,0.0,0.0
58.151762582971756,58.500035685908365,58.095288580837725,58.22706604003906,2268400,0.0,0.0
58.264717047621076,58.904782062107365,57.841144083524796,58.85771560668945,2517800,0.0,0.0
58.0199815128434,59.13068230079548,57.96350751422409,59.01773071289063,2817500,0.0,0.0
59.10244949115028,60.37316481949074,58.98949430457201,60.1943244934082,4399700,0.0,0.0
60.486123314615924,61.53093550828328,60.32610166287704,61.01323318481445,5740000,0.0,0.0
60.909685017342255,62.10510398350997,60.74967056717254,61.81330490112305,6360200,0.0,0.0
61.70977001507195,62.47220497119132,61.60622955413393,62.32159805297852,4030200,0.0,0.0
62.81105803523593,63.33816784166407,62.34982977327879,63.00872421264648,3687400,0.0,0.0
63.065201452594955,63.6205482870034,62.89577226591675,63.22521591186523,5272700,0.0,0.0
62.971074536169255,63.065200264476545,62.03921761766135,62.88635635375977,3609300,0.0,0.0
62.914597198251066,63.10285584770117,62.622805268269914,62.68869400024414,3043900,0.0,0.0
63.20639737277707,63.714684962842576,62.93342771248263,63.04638290405274,4701500,0.0,0.0
58.255299862819044,60.27903527776143,57.54934614932746,59.99665451049805,14342300,0.0,0.0
60.015476172800945,60.59906356463318,59.57308095849779,60.0248908996582,6356300,0.0,0.0
59.977831924238394,60.966162868326066,59.629558821274394,59.81781387329102,4563500,0.0,0.0
59.817813969768935,60.15667234581206,59.41306686401367,59.41306686401367,3726100,0.0,0.0
59.394242385273046,59.66721203797196,58.86713253527964,58.94243240356445,3515400,0.0,0.0
58.91419304512356,59.02714463836581,57.765840476717024,58.06704711914063,4576500,0.0,0.0
58.05763708929534,58.170588684690905,56.645729579518054,57.022239685058594,4292600,0.0,0.0
56.78692013252197,57.53052200403175,56.41982117438457,57.50228500366211,3125500,0.0,0.0
56.81515596070215,57.63406127052418,56.655137917020674,56.96575927734375,3078000,0.0,0.0
56.965758846094815,57.069299298752014,55.54443668979997,55.59150314331055,4235100,0.0,0.0
55.647979681760084,55.6668055458901,54.13253173062446,54.45256423950195,5871600,0.0,0.0
55.450310442413404,55.497373304814914,54.17018047736166,54.81966018676758,3059200,0.0,0.0
54.81024330328829,55.21499036721497,54.32078165410564,54.33019638061523,3188600,0.0,0.0
55.02674118730122,55.789172535701326,54.782012132012184,55.61974334716797,3061400,0.0,0.0
55.31853830461687,55.883299889011155,55.05498337732176,55.53503036499024,3000100,0.0,0.0
55.412659816188096,55.60091486019728,53.953689508783036,54.16077041625977,2714100,0.0,0.0
54.07605750693137,54.51845274483843,53.699547407209295,53.86897659301758,3208100,0.0,0.0
54.1137074421468,54.273721895293924,53.13478408783611,53.16302108764648,2913700,0.0,0.0
52.654735291613605,54.06664277957178,52.2594029185052,53.86897659301758,4782700,0.0,0.0
53.23832515019554,53.4736430597498,51.44049646482765,51.53462219238281,5367100,0.0,0.0
52.127623546648465,52.871225400761176,51.3746069655219,52.57001876831055,4876700,0.0,0.0
52.1276253768525,52.24998810699865,50.87573234935917,51.08281326293945,5669700,0.0,0.0
51.95819592537215,52.18409911115218,50.32979639776439,50.89455795288086,4332900,0.0,0.0
50.913386351924636,51.26165587523221,50.42392463747439,50.96044921875,5164500,0.0,0.0
51.939369040635576,53.10654385578115,51.88289144996738,52.74886322021485,5108400,0.0,0.0
53.078306594297075,54.5561027648381,52.955940277118636,54.358436584472656,4028200,0.0,0.0
54.73494744229119,54.838484306796325,53.21008479631046,53.7183723449707,3138900,0.0,0.0
53.417169528874844,53.765439056099346,53.191262738639146,53.52070999145508,2907000,0.0,0.0
52.99359333570986,54.0572313087846,52.824164150948704,53.88780212402344,3252400,0.0,0.0
54.207835658842924,55.29029951640658,53.793677416377875,55.22440719604492,4124300,0.0,0.0
54.88555091130471,56.46688756212099,54.50904081704697,54.70670700073242,4268200,0.0,0.0
54.527866871900294,55.38442392820509,54.49962987146525,55.10204315185547,2587000,0.0,0.0
54.5843430216427,54.800835064147854,54.19842179966981,54.37726211547852,2340600,0.0,0.0
55.12086640637287,56.146852598052256,55.064388817509936,55.44089889526367,3567600,0.0,0.0
55.92095120153383,56.41982405038175,55.15851983669086,55.76093673706055,3835900,0.0,0.0
55.21499768228266,56.5610164981935,54.97967975769218,56.33510971069336,3497000,0.0,0.0
56.03389733295867,56.73043989851717,56.03389733295867,56.43864440917969,2779800,0.0,0.0
56.438649374941846,56.721030162329065,55.38442609305185,55.58209228515625,3106700,0.0,0.0
54.96084979399581,56.664552733612716,54.66905788729138,56.36334609985352,5681500,0.0,0.0
56.52471020640131,57.25559271339555,56.37283875175972,56.98981857299805,3616000,0.5,0.0
56.743019428495096,57.99595970715829,56.743019428495096,57.66374206542969,2044400,0.0,0.0
58.090883361853145,58.36615148519818,57.54984111715474,58.280723571777344,3274000,0.0,0.0
57.673238075195144,57.92952183278532,57.19863932874689,57.47390747070313,3890600,0.0,0.0
57.360002617659816,59.34382544767696,57.29355908534018,58.79328918457031,3608400,0.0,0.0
58.461070510077754,58.58446719120524,57.27457370935439,57.64476013183594,6206700,0.0,0.0
57.38847746098539,57.50238376303242,56.09756833832661,57.22711563110352,5744700,0.0,0.0
57.521364153263825,58.19529709619065,57.397971091530145,57.97698211669922,3997600,0.0,0.0
56.81896039710239,56.980322226878464,55.12939008108955,55.33821105957031,5198400,0.0,0.0
54.53139682497682,55.95519306781746,54.18968514735089,55.90773391723633,4443600,0.0,0.0
55.34770663365775,55.98366721034295,53.70559541971569,53.84797286987305,3104400,0.0,0.0
53.79101706033588,53.97136689088854,52.63299864847031,53.48727416992188,4973400,0.0,0.0
54.38901671674912,54.51241340716899,52.94623606391266,53.22150421142578,2909300,0.0,0.0
54.55987223073619,54.59784100000664,53.601184342514856,53.648643493652344,2505900,0.0,0.0
53.95238343946853,54.06628612011584,53.24048534884616,53.71508407592773,2813500,0.0,0.0
53.04115267450847,53.91441256009463,52.94623076027033,53.46829223632813,4024800,0.0,0.0
53.91441315070115,54.11374374143363,53.19302469909277,53.477783203125,5204200,0.0,0.0
54.05679305032028,54.39850469616853,53.33540099332935,53.35438537597656,5103100,0.0,0.0
53.56321730490058,54.294099842930365,52.07297746141818,52.2153549194336,5866000,0.0,0.0
49.50064648002175,50.003719949651455,46.2638834502084,47.26054000854492,11301100,0.0,0.0
47.84904155157401,48.06735652254448,45.16281474964098,45.4285888671875,8078800,0.0,0.0
45.04891218081487,45.238752403730146,43.824446544957425,43.8624153137207,3631600,0.0,0.0
43.957336046823336,45.09637011170823,43.32137186039166,45.08687973022461,7955200,0.0,0.0
45.19128859326121,45.70385605600802,44.03326661170009,45.68487167358398,5078900,0.0,0.0
45.998107470579605,46.852386622316686,45.68487419554327,46.206932067871094,4797200,0.0,0.0
46.41575245741732,46.86187275541466,46.03607206419771,46.79542922973633,3970700,0.0,0.0
46.4537238674636,47.55479281127378,46.149980960267754,47.3174934387207,3926800,0.0,0.0
46.76696246252592,46.899849536600094,44.92552056868168,44.96348571777344,6128200,0.0,0.0
45.97912705985913,47.858537735167246,45.87471837309303,47.5073356628418,4568300,0.0,0.0
48.418561978915044,48.6368805862369,47.773111022180146,48.067359924316406,4694900,0.0,0.0
49.737946336497096,49.85184901322838,48.86468282582169,49.26334762573242,5776400,0.0,0.0
49.737948586592786,50.08915063459445,49.11147840487857,49.3487777709961,4083400,0.0,0.0
49.206397700628465,49.77591474249712,48.66535542458291,49.63353729248047,3918500,0.0,0.0
49.56709353536551,50.06067665918562,49.42471246508818,49.73794937133789,3060100,0.0,0.0
49.5481071472168,50.20305207801997,49.263348639080675,49.5481071472168,3181600,0.0,0.0
49.79489926116787,50.231529235839844,49.538615505364476,50.231529235839844,3969500,0.0,0.0
50.08915056075196,50.430862226801594,49.690485743393744,50.05118179321289,4697800,0.0,0.0
49.927786077138,50.93393671102413,49.88982092976385,50.82003402709961,3157800,0.0,0.0
51.15225002318408,52.22484415599824,51.12377525836011,52.091957092285156,5684400,0.0,0.0
51.69329480199506,52.1014500152539,51.34209274206341,51.75024795532226,5848400,0.0,0.0
51.73126206590422,52.08246411561863,50.990889198695186,51.51294708251953,4373200,0.0,0.0
51.702787995389826,52.24383027037572,51.55091654312889,52.22484588623047,4879900,0.0,0.0
52.699446853265975,52.84182430901802,52.281801247131654,52.6899528503418,3172800,0.0,0.0
52.547574178988455,53.5821995988175,52.348243573006066,53.53474044799805,4511100,0.0,0.0
53.620166442909486,53.648641208198725,53.1075989422975,53.40184783935547,3152200,0.0,0.0
54.59784094522456,54.949043008370936,53.5157563684106,54.512413024902344,5488900,0.0,0.0
55.04396360867096,55.10091314024978,54.32257149419692,54.65479278564453,3763100,0.0,0.0
54.626311538971144,55.13887902175107,54.23714073631992,54.77818298339844,3032900,0.0,0.0
54.6358028338355,55.252778962106454,54.578849687159426,55.22430419921875,2468800,0.0,0.0
55.4900847916504,55.793827700941925,55.328722955233495,55.58500671386719,2983700,0.0,0.0
55.575511206414426,55.594495590343755,55.110406473299314,55.34770584106445,3296100,0.0,0.0
54.6168242749168,55.0629446316261,53.563214484926995,54.06628799438477,3965600,0.0,0.0
53.57270572968461,53.86695825894067,52.993698294801824,53.75305557250977,3609500,0.0,0.0
53.78152394824689,54.1706947331349,53.72457080134839,53.93339538574219,2310200,0.0,0.0
54.066288587004,54.07578258968334,53.287946928748816,53.69610214233398,2758000,0.0,0.0
54.16120451188196,54.455453386138714,54.009333073939544,54.151710510253906,2595500,0.0,0.0
53.96187361101462,54.31307927473821,53.506259269295825,54.19917297363281,2443800,0.0,0.0
54.47444361893106,54.55038115650814,54.03781364056613,54.34155654907226,3240300,0.0,0.0
54.4079979855351,55.59449480765668,54.32257006950631,55.33821105957031,3807400,0.0,0.0
55.414147306621096,55.96467993642489,55.195832330931566,55.860267639160156,3507500,0.0,0.0
56.070882377198956,56.71229611483011,55.668805067103754,55.78368377685547,3726400,0.5,0.0
56.05173516116849,56.3676561770183,55.774108265772284,56.31021499633789,2234600,0.0,0.0
56.07088088989258,56.3772265423901,55.764535237395066,56.07088088989258,3336100,0.0,0.0
56.01344229594896,56.38680450084604,55.73581904625968,55.7645378112793,2394700,0.0,0.0
55.553921227690054,55.86984223601422,54.94122992274067,55.21885681152344,2986600,0.0,0.0
55.11355288843222,55.47733974054703,54.81677892329535,55.29544448852539,4367200,0.0,0.0
55.8506938781879,56.17618658286835,55.08482976480103,55.37202835083008,2902600,0.0,0.0
55.19971115769477,55.238005278211524,54.05091310569053,54.14664840698242,3569000,0.0,0.0
54.385984821923316,55.08483613444486,54.213664919994315,54.67318344116211,3889300,0.0,0.0
54.46256186564696,54.68274756493518,53.7254165322413,53.7541389465332,3366100,0.0,0.0
53.20846524483387,53.26590277462946,52.624492679056026,53.01699829101562,3422800,0.0,0.0
52.65320759336397,52.720220474510356,52.2032608325855,52.624488830566406,3447800,0.0,0.0
52.91168847307527,53.36163524285706,52.75851564854311,53.06486129760742,3472500,0.0,0.0
53.256330003809325,53.371208713028366,52.557478740506895,52.90211486816406,4375100,0.0,0.0
53.81157975820518,54.395552308127435,53.572246985412654,53.69670104980469,4136300,0.0,0.0
53.73499531097214,54.04134096879646,53.39992723702607,54.022193908691406,3789900,0.0,0.0
54.11792317652328,54.874215583724755,54.11792317652328,54.19451141357422,4395100,0.0,0.0
54.23280997334006,55.08483409470118,54.22323461696047,54.90293884277344,4165600,0.0,0.0
54.979524653758446,55.22842912968934,54.491283753996065,54.6827507019043,3416100,0.0,0.0
54.50086146362332,54.692328419800226,53.7541443516547,54.11792755126953,4361300,0.0,0.0
53.83073017358248,54.88379663066517,53.83073017358248,54.81678009033203,2931800,0.0,0.0
54.35726263859959,54.73062121041666,53.849878287353675,54.01262283325195,3514500,0.0,0.0
53.878595820108735,54.491287170284636,53.60097256276114,54.232810974121094,4244300,0.0,0.0
50.21201624132421,51.69587869572319,48.900473674731884,49.50358963012695,18505000,0.0,0.0
49.599326252581136,49.829083674497824,48.306927059568345,48.49839401245117,7383000,0.0,0.0
48.12503423513052,48.67071266317186,47.78039445911951,48.19204711914063,5569200,0.0,0.0
48.06759480610022,48.6898614967793,47.92399732881703,48.55583572387695,4929500,0.0,0.0
48.82388911283618,49.97268723411215,48.82388911283618,49.963111877441406,5004900,0.0,0.0
49.82908371821429,50.403484577366704,49.75249912815099,50.13542938232422,4509200,0.0,0.0
50.65238913034169,51.37995917063133,50.59494794876814,50.92044067382813,4954100,0.0,0.0
50.9683113482063,51.0257488792005,50.527936249656065,50.83428192138672,2296700,0.0,0.0
50.84385900361936,51.08319179602809,50.556660383114604,50.805564880371094,3821200,0.0,0.0
50.72897710233961,50.78641463167894,50.087563359932844,50.26945495605469,3192100,0.0,0.0
50.259886901212,50.441778510541106,49.56103557872181,49.68548965454102,4108500,0.0,0.0
49.96311130966198,50.173725330882256,49.58018104154064,50.03969955444336,2639800,0.0,0.0
50.17372184530676,50.53750867888895,49.953536134749406,50.231163024902344,4584200,0.0,0.0
50.70025292303125,51.29380081970974,50.62366833593199,51.28422546386719,3395700,0.0,0.0
51.111900047018956,51.513980954546575,50.97787429515235,51.44696807861328,3002000,0.0,0.0
51.60014662114208,52.5096082246895,51.49483961813893,52.46174240112305,3464600,0.0,0.0
52.768083483284826,52.978697471046935,51.98307235862527,52.21283340454102,4991900,0.0,0.0
52.31814143419565,52.375578957865756,51.1023306068289,51.3416633605957,4114300,0.0,0.0
51.01617890630793,51.32252458843682,50.776846113899204,50.805564880371094,2463100,0.0,0.0
51.1023352978965,51.628866674132155,51.03532241284442,51.45654678344727,2541200,0.0,0.0
50.97788231690785,51.52356076504724,50.83428118763815,51.437400817871094,2863300,0.0,0.0
51.24593221116634,51.78203893764232,51.09275938244868,51.53313446044922,2482200,0.0,0.0
51.772468537299744,52.31814698159321,51.65758617392231,52.09795761108398,1794200,0.0,0.0
52.09795333106443,52.547900087507145,51.88734298603159,52.10752868652344,4796700,0.0,0.0
51.935211564109295,52.58619699660631,51.667160027879326,52.51918411254883,4313700,0.0,0.0
53.22760697005139,53.64883498551502,52.519184010836106,53.4382209777832,6672100,0.0,0.0
52.9499906373339,53.0074281728053,51.7916170956342,52.01180648803711,7569800,0.0,0.0
51.91606571987347,52.9404097166584,51.89691865941893,52.82553100585938,3826900,0.0,0.0
51.877770844316025,52.52875628258815,51.753320431064225,52.50960922241211,2969500,0.0,0.0
51.581004776833154,51.896922165857674,50.939590990017045,51.3895378112793,5068100,0.0,0.0
51.50441664240362,52.11710801197209,51.207646314478744,51.71503067016602,3207100,0.0,0.0
51.054466492682025,51.81075524439474,50.69067967225902,51.63843536376953,2749400,0.0,0.0
51.18849668824325,52.06923957489222,50.64281823631322,52.0213737487793,2507300,0.0,0.0
50.73854904177231,50.98745352456271,50.09713894832081,50.52793502807617,4467400,0.0,0.0
50.48964388010185,51.93521223594987,50.38433687466972,51.5235595703125,4244100,0.0,0.0
51.08318984988254,51.64801536452581,50.843857066591816,51.49484252929688,3906800,0.0,0.0
51.360816555400355,51.86820088538815,51.23636248603276,51.628868103027344,2794400,0.0,0.0
51.11191089382265,51.590576481742964,50.96831340860373,51.3895378112793,3006700,0.0,0.0
50.61409446855063,50.652388589190544,49.9439619650656,50.14500427246094,2876500,0.0,0.0
50.53750948506681,50.891720968402694,50.39390835975125,50.41305541992188,3220400,0.0,0.0
50.40348543973176,50.499217091930866,49.991832761804396,50.38433837890625,2211000,0.0,0.0
49.93973575070671,50.01705857718292,49.446815636264375,49.89141082763672,2930700,0.5,0.0
50.10404579907817,50.36500481261489,49.85275398249949,49.88174819946289,1678700,0.0,0.0
50.075050757592834,50.336009766832674,49.5338020324707,49.5338020324707,3153000,0.0,0.0
49.34050021147792,50.017060217511684,49.02155275919176,49.8720817565918,3485200,0.0,0.0
49.93973772898426,50.1717025306465,49.54346744498432,49.82375717163086,1950900,0.0,0.0
49.20518468575006,49.55313001225613,49.11819835412354,49.475807189941406,2669500,0.0,0.0
49.28251327809354,49.76576991327528,48.992556347420084,49.40815734863281,3544300,0.0,0.0
49.90108072595758,50.57764074643074,49.166528582487686,50.52931213378906,4178100,0.0,0.0
50.71295241526598,50.741946633516505,48.80892009509682,49.18585968017578,5599100,0.0,0.0
48.77992270562705,49.58212674970246,48.60595003352294,49.446815490722656,4086000,0.0,0.0
49.47580912642744,50.761273445559645,49.37915928170625,50.48098373413086,3503800,0.0,0.0
50.32634719914325,51.602144459251356,50.2586915631493,51.39917755126953,3067300,0.0,0.0
51.93075603638083,52.056403790154846,51.11888476583906,51.38950729370117,2775000,0.0,0.0
51.58280781309178,51.91142244450197,51.25419318168161,51.60213851928711,2137700,0.0,0.0
51.157545912168686,51.55381619172728,50.838594774327326,51.0802230834961,3030400,0.0,0.0
51.09955439670575,51.4958246809641,50.90625100968708,51.34118270874024,1965200,0.0,0.0
51.40883905431753,51.55381751833159,50.509981426123474,50.52931213378906,2467000,0.0,0.0
50.606634410954065,51.21553879141572,50.229694832986745,50.6259651184082,3331600,0.0,0.0
51.0512297478203,51.50549215672793,50.7902707269769,51.07056045532226,3662000,0.0,0.0
45.61942799029234,47.436474006441905,44.56592835752467,47.16584777832031,18522500,0.0,0.0
45.0781792882344,45.69674720436814,44.652914767631366,45.06851577758789,12021200,0.0,0.0
43.9666898447309,44.710901810834436,43.802380673220355,44.45960998535156,8929500,0.0,0.0
43.94735881419311,44.18898712755559,43.49309640524591,43.92802810668945,9504600,0.0,0.0
44.092331742399175,44.391952165717385,43.73472288595544,43.86037063598633,7337000,0.0,0.0
43.696062558400214,44.65291228525773,43.26113086437407,44.382286071777344,6662700,0.0,0.0
44.45960653466257,45.04918016775245,44.2663031601643,44.991188049316406,5950300,0.0,0.0
45.19415354304083,45.513104654193924,44.62391063363945,44.73989486694336,4821000,0.0,0.0
44.788222793646796,45.00085688202142,44.53693097853114,44.97185897827149,4150300,0.0,0.0
45.1168358474721,45.1168358474721,44.488600801371796,44.63357925415039,2599300,0.0,0.0
45.1071694252717,45.39712633580664,44.8462141049187,45.339134216308594,3597100,0.0,0.0
45.08784465784722,45.34879999123483,44.75923000485471,44.86554336547852,4066200,0.0,0.0
44.45960890047329,44.643245088193034,44.275972712753536,44.382286071777344,5222000,0.0,0.0
44.56592160296098,44.56592160296098,43.74438321943487,43.98601150512695,4056800,0.0,0.0
44.12133066741145,44.362958976242936,43.74438740859181,44.29530334472656,2799600,0.0,0.0
44.33395979204607,44.817216395756475,44.256640652669155,44.710899353027344,2871900,0.0,0.0
44.70123994315411,45.503447748629405,44.67224572409786,45.37779998779297,3876400,0.0,0.0
45.145830689145434,45.38745898915621,44.68190479555936,44.89453887939453,4392400,0.0,0.0
44.89454087245344,44.95252930737901,44.07300240377205,44.111663818359375,4730300,0.0,0.0
44.12132821034139,44.35328930920692,43.90869413058532,43.9666862487793,2489200,0.0,0.0
44.188986310459015,44.44994532649978,43.56075123255105,43.58008193969727,2845200,0.0,0.0
43.6284059813813,43.85070357863204,43.29012783055527,43.589744567871094,2792100,0.0,0.0
44.16965552298239,44.75922918552568,44.15998832594917,44.65291213989258,4392200,0.0,0.0
44.652912403103116,45.5614335209457,44.57558957420312,45.5421028137207,5333600,0.0,0.0
45.39712736096427,45.71607480801778,44.86554213761616,45.05884552001953,4309600,0.0,0.0
45.445455872656595,45.957706742554684,45.31980811113144,45.68708419799805,3324300,0.0,0.0
45.445453029895155,45.80306189668333,45.42612232264236,45.76440048217773,2531100,0.0,0.0
45.542100501880576,45.812726702337464,45.44545065761721,45.79339599609375,2467100,0.0,0.0
45.77406617605285,46.015694478344535,45.31014027808741,45.64841842651367,6388100,0.0,0.0
45.51310846354282,45.87071732877321,44.73023141451424,45.09750747680664,5407600,0.0,0.0
44.875210435311736,44.923535360359104,44.01501423382,44.42094802856445,2669500,0.0,0.0
43.49309709379296,43.79271753440974,43.12582101932004,43.69606399536133,5741700,0.0,0.0
43.802378237289325,43.91835878975802,43.08716052895115,43.55108642578125,4097000,0.0,0.0
43.43510287390247,44.150324280517346,43.25146668900725,43.89902877807617,3493200,0.0,0.0
44.09233115362021,45.145830689145434,43.889364266480406,44.89453887939453,4345600,0.0,0.0
44.778561131072074,44.778561131072074,43.908697721793864,44.45960998535156,3453600,0.0,0.0
44.391953339591566,44.391953339591566,43.81204687126942,44.02467727661133,3187900,0.0,0.0
43.7927144805781,44.575587814022114,43.502757570608175,44.401615142822266,3185700,0.0,0.0
43.68639596187799,43.78304580396427,42.88418826213236,43.21280288696289,4936000,0.0,0.0
43.29012906128296,43.3577846933716,42.4975884965685,42.81653594970703,3488300,0.0,0.0
43.125817511003646,43.638072008899144,42.96151203842101,43.425437927246094,2083100,0.0,0.0
44.31462633746249,44.50792970435074,44.12132665752928,44.20831298828125,2487500,0.0,0.0
43.85070582981781,44.02467851258976,43.58008329526388,43.83137512207031,2817900,0.0,0.0
44.33395876115912,44.4402758014161,44.02467483693259,44.41128158569336,3383700,0.0,0.0
44.63602551395078,44.74351216056637,43.82499261859011,44.05950927734375,3170100,0.5,0.0
44.1865399631046,44.23539651389764,42.20293119876735,42.29087448120117,3779300,0.0,0.0
42.623105072699424,42.87716510578157,42.28110548299188,42.486305236816406,3275300,0.0,0.0
42.73059180596349,42.96510847330089,42.03681907834417,42.04658889770508,4200100,0.0,0.0
41.68504483883561,42.525390927259366,41.450528177699454,42.40813446044922,2405800,0.0,0.0
42.857619269900496,43.424361946973725,42.81853253975317,42.99441909790039,2522700,0.0,0.0
43.11167669262245,43.30710662097388,42.96510704199577,43.07259368896485,3176000,0.0,0.0
42.818532296802786,42.85761902672834,41.939099511056575,42.671958923339844,3308900,0.0,0.0
42.93578892188122,43.443905230293005,42.52538943865385,42.88693237304688,3186500,0.0,0.0
43.238705904349615,44.2744818961674,43.238705904349615,44.07905197143555,2524200,0.0,0.0
44.07905405673003,44.84122669897382,43.98133722598342,44.67511367797852,3456300,0.0,0.0
44.528540618973395,46.5707758024584,44.528540618973395,46.52191925048828,6328100,0.0,0.0
47.176603958603295,48.55437956061049,47.0202607600605,48.52506637573242,7331700,0.0,0.0
48.2416952411594,48.788898323383656,47.49906594797707,48.57392501831055,6314200,0.0,0.0
48.46643762125003,48.82798430650377,47.6944951537855,48.48598098754883,4216300,0.0,0.0
49.10157897529004,49.70740835874348,49.01363569966651,49.39472198486328,4124500,0.0,0.0
47.880148710816314,48.62277794867305,47.430662495073655,47.80197525024414,5847100,0.0,0.0
47.19614578430832,48.30032168471432,46.961632857904405,48.24169158935547,3742100,0.0,0.0
47.74335165485217,47.909464676940786,47.27432204672928,47.72380828857422,3218700,0.0,0.0
47.77266145351861,47.831291548195686,47.196145235498896,47.27431869506836,3092500,0.0,0.0
47.4599767210567,47.52837663680124,46.6782607357506,47.11797714233398,4478000,0.0,0.0
46.78574985317108,46.80529321977521,45.81837370760513,46.60986328125,3404800,0.0,0.0
46.97140125861504,47.674947471617834,46.297171956164455,46.53168487548828,3611600,0.0,0.0
45.89654635747804,46.96163558959962,45.828146439338525,46.96163558959961,3881800,0.0,0.0
44.46013971252546,44.684882828605545,42.603560958798255,42.94556427001953,12694600,0.0,0.0
42.114985410524824,43.19961792016863,42.10521559195387,42.58401870727539,7540600,0.0,0.0
42.808761133267595,43.11167396188545,42.525387941482954,42.71104431152344,4732500,0.0,0.0
42.79899112943436,43.16053408102047,41.186702576134614,41.5189323425293,6694400,0.0,0.0
41.186700141050785,41.196469959698334,40.48315391792472,40.492923736572266,6393600,0.0,0.0
40.31703693783351,40.44406694458037,39.67212081302621,40.06298065185547,7156700,0.0,0.0
40.11184004160406,40.385443439174594,39.89687046978229,40.19978332519531,5147900,0.0,0.0
39.87732352698585,40.404979453690345,39.60372015395565,39.97503662109375,5719700,0.0,0.0
39.476693748368724,39.54509365952431,39.00766046113685,39.21286392211914,4290600,0.0,0.0
39.6037254333496,39.857785475922704,39.40829921908242,39.60372543334961,3492400,0.0,0.0
39.88709581176709,40.5026987797557,39.81869589615901,40.01412582397461,4233000,0.0,0.0
40.971730788136036,41.35281711973429,40.58087090943646,40.60041427612305,5951400,0.0,0.0
40.52224311865008,41.27464593592789,40.39521310339124,41.07921600341797,4069100,0.0,0.0
41.108529112269565,41.890245113340576,40.97172927802162,41.5189323425293,2944800,0.0,0.0
41.67527508462581,41.90978801861126,41.216015308256814,41.42121505737305,2776900,0.0,0.0
41.430986882890494,41.772986450543634,41.186700412419476,41.470069885253906,3168500,0.0,0.0
41.38212996012437,41.98796313979662,41.34304695459392,41.81207656860352,5269400,0.0,0.0
42.0856763757648,42.52539280511488,41.9879632703608,42.1345329284668,4574000,0.0,0.0
42.15407283064895,42.251789655538204,41.55801324512957,41.57755661010742,3898100,0.0,0.0
42.04658639316436,43.07259255819504,41.665500093017314,42.99441909790039,7283100,0.0,0.0
43.043279100678475,43.08236583396216,42.202932972659184,42.89670944213867,4187300,0.0,0.0
42.89670565074667,43.795678071720474,42.87716228583214,43.5513916015625,2730400,0.0,0.0
43.57093683859619,43.83476668500471,43.121450608796145,43.17030715942383,2764400,0.0,0.0
43.61979021202567,43.67842030501789,43.1409908322272,43.15076065063477,3297400,0.0,0.0
43.47322242235914,43.47322242235914,41.97818667126618,42.22247314453125,4253700,0.0,0.0
42.144302875826405,42.25178951909963,41.48961319748759,41.90978622436523,5084700,0.0,0.0
42.24201778686188,42.32996106899686,41.890244658321954,41.96841812133789,4303000,0.0,0.0
42.2615601249281,43.35596248792703,42.2615601249281,43.19961929321289,4211500,0.0,0.0
43.34619342994194,44.28425261469336,43.29733687964536,43.83476638793945,3851900,0.0,0.0
43.84453377686513,43.88362050594232,43.2093912031813,43.35596084594727,3075500,0.0,0.0
43.86408068772703,44.303797106606424,43.649107387938,44.020423889160156,3818000,0.0,0.0
43.58070747028075,44.020423889160156,43.24847770129586,44.020423889160156,2709900,0.0,0.0
43.61979540779599,43.98133837219081,43.40482210206694,43.65888214111328,2295000,0.0,0.0
43.932480993945774,44.01065445911171,43.23870826441993,43.46345138549805,2249400,0.0,0.0
43.248477198756675,43.36573739410595,42.867390882661326,43.05305099487305,2564900,0.0,0.0
43.15076631579508,43.48299609800407,42.945566554655564,43.42436599731445,1933800,0.0,0.0
43.82499313354493,44.0497399759361,43.541623648929246,43.82499313354492,2187500,0.0,0.0
43.77613411624653,43.90316412271938,43.44390437221297,43.67842102050781,2196500,0.0,0.0
43.93247684335032,44.02042011959542,43.46344727921496,43.47322082519531,2503500,0.0,0.0
43.033505583877584,43.140992227414976,42.515615731153375,42.671958923339844,3082200,0.0,0.0
42.40507854041963,42.7806918924754,41.98003900510904,42.5236930847168,3770400,0.5,0.0
43.027807787786045,43.42319463026225,42.74115628621362,43.17607879638672,3971000,0.0,0.0
43.37377183517739,44.10523258541381,43.33423239714074,43.98661804199219,3054600,0.0,0.0
44.19419584598507,44.23373528528353,43.63077203339185,44.16454315185547,3217700,0.0,0.0
44.47096854479835,44.77738977535779,44.27327511724125,44.69831466674805,4832600,0.0,0.0
44.69831315745368,44.83669742086438,44.490732991649246,44.55992889404297,1913100,0.0,0.0
44.639002766742685,44.65877248535353,43.92730797950573,43.97673416137695,3377400,0.0,0.0
43.34411423370258,43.34411423370258,42.77080747997137,43.03769302368164,3091800,0.0,0.0
43.047576960971746,43.828463891079,43.047576960971746,43.37377166748047,2644600,0.0,0.0
43.8877721500377,43.986616972036636,43.363884035516215,43.69007873535156,3152100,0.0,0.0
44.35235053591242,44.599466379414245,44.20408329222445,44.25350570678711,3682400,0.0,0.0
44.550042158168594,44.99485141257075,44.4314276138908,44.8861198425293,3205500,0.0,0.0
44.54015848392015,44.88611913707992,44.36223478495562,44.797157287597656,3698300,0.0,0.0
44.93554310717649,45.380352370013334,44.856467999721296,45.26173782348633,2839000,0.0,0.0
45.35069942842181,46.41823788271263,45.23208111185405,46.35893249511719,5272500,0.0,0.0
46.61593260695414,47.446241992653114,46.5665101923495,46.902587890625,6957400,0.0,0.0
47.50555054597434,47.50555054597434,46.31939375716682,46.44789505004883,4590100,0.0,0.0
46.22054550586986,46.76420337572981,46.0030861286144,46.65547180175781,3246200,0.0,0.0
46.408355817103946,46.61593221912961,46.032738681994296,46.0426254272461,6584400,0.0,0.0
46.151352074201384,46.48742976126282,46.0327375289704,46.11181640625,4477400,0.0,0.0
48.33586033180482,50.619208304706355,47.703240607226896,49.63074493408203,15867400,0.0,0.0
49.739474518849136,50.67851543752336,49.57143756249405,50.66862869262695,5965400,0.0,0.0
50.80701763087589,51.02447700351928,50.15463197156887,50.35232162475586,2142300,0.0,0.0
50.411628784264266,50.856438027674855,50.17439593088254,50.73782348632813,3217100,0.0,0.0
51.02447498035869,51.1430932923937,50.599435455620615,50.73782348632813,2093400,0.0,0.0
51.04424651699347,51.09366893009077,50.352321421565826,50.43140029907226,2568500,0.0,0.0
50.4412847815911,50.54013338142968,50.16451624342015,50.24359512329102,3131000,0.0,0.0
50.75759139328024,51.073899362871465,50.14474517353328,50.718055725097656,4201000,0.0,0.0
49.47258803066753,49.81855245241482,48.99812609320594,49.31443405151367,4892300,0.0,0.0
48.78066432827283,48.83009051183121,47.713125881665604,47.82185745239258,6696400,0.0,0.0
47.584623202916774,48.10850755128821,47.57474022890658,47.97012329101562,5725400,0.0,0.0
47.94047280498628,48.464357177472,47.871280671665076,48.197471618652344,5021400,0.0,0.0
48.57308754061869,48.72135854872289,48.365511145823525,48.63239669799805,2588900,0.0,0.0
48.69170400493787,49.00801575274705,48.23701175916298,48.28643417358398,4362500,0.0,0.0
48.53354765633998,49.07720550060018,48.25677913248993,48.7905502319336,4041700,0.0,0.0
48.859744711615384,49.699937068370645,48.79055257732676,49.63074493408203,4406100,0.0,0.0
49.92728157907602,50.352321116375855,49.52201176103297,49.85808944702149,3656000,0.0,0.0
50.00636076460826,50.767477992592184,49.87785947399061,50.757591247558594,4772700,0.0,0.0
50.8564411867229,51.34078612687623,50.71805691810765,51.30125045776367,6560200,0.0,0.0
50.78724765629837,50.78724765629837,49.71970543514672,50.10520553588867,12100700,0.0,0.0
50.09532392800657,50.45117134476357,49.16616971700987,49.3045539855957,5109200,0.0,0.0
48.46435622441373,49.03766677001618,47.57474148319775,48.87951278686523,6305100,0.0,0.0
48.5730884416934,48.73124242695053,46.576392021141864,46.9717788696289,6470400,0.0,0.0
44.876235354692575,45.60769608553775,44.213962982544835,44.74773406982422,8099200,0.0,0.0
45.27162163907046,46.31939416981093,44.85646883316804,45.96354675292969,7155700,0.0,0.0
45.82516248429555,46.428125743934466,45.736200630075245,45.96354675292969,3407500,0.0,0.0
43.255153772548645,45.26173690165908,43.255153772548645,44.233734130859375,14856100,0.0,0.0
44.47096852407896,44.63900548647669,42.71150116739781,43.027809143066406,11796400,0.0,0.0
43.24527260852836,43.601120026445855,41.61430653330274,42.25680923461914,8341500,0.0,0.0
43.70985025548125,43.89765693329538,42.87954089612718,43.057464599609375,6164400,0.0,0.0
43.84823478044001,44.52039015965253,43.41330849348577,43.63077163696289,6679600,0.0,0.0
44.11512136078734,44.302928044073255,43.23538956276555,43.2749252319336,4534600,0.0,0.0
42.484154040222776,42.53357645324739,41.495690696976965,41.71315383911133,11253000,0.0,0.0
41.59453853511223,41.910846497526975,41.18926495191195,41.297996520996094,4829300,0.0,0.0
41.62419273171136,42.79057979925371,41.555000598101934,42.45450210571289,5807600,0.0,0.0
42.73127038278975,43.92731013733595,42.583003141957604,43.55169677734375,6867900,0.0,0.0
42.76092358334005,43.09700127883774,42.266691900001604,42.70161819458008,6670600,0.0,0.0
42.57311473188831,42.62253714356623,42.00969094324572,42.10853576660156,3998000,0.0,0.0
42.10853866781214,42.47427283494154,42.039346532558156,42.42484664916992,6245300,0.0,0.0
42.06899997477407,42.93884497565027,42.039343511304715,42.84000015258789,4625400,0.0,0.0
42.61999893188477,42.86000061035156,42.18999862670898,42.5,5343800,0.5,0.0
42.11000061035156,42.18999862670898,41.650001525878906,41.68999862670898,8009800,0.0,0.0
39.38000106811523,39.75,37.7599983215332,37.7599983215332,15441400,0.0,0.0
38.0,38.11000061035156,35.66999816894531,35.84000015258789,16153700,0.0,0.0
36.16999816894531,36.18999862670898,32.380001068115234,33.139999389648445,23492300,0.0,0.0
32.650001525878906,33.700000762939446,30.190000534057614,31.85000038146973,31486400,0.0,0.0
31.229999542236328,33.5,31.059999465942386,33.459999084472656,24868200,0.0,0.0
32.709999084472656,33.060001373291016,31.25,33.060001373291016,19716200,0.0,0.0
33.02000045776367,33.34000015258789,31.15999984741211,31.82999992370605,19720600,0.0,0.0
32.25,32.459999084472656,30.899999618530273,32.459999084472656,19503500,0.0,0.0
30.90999984741211,30.90999984741211,27.649999618530273,27.8700008392334,33085000,0.0,0.0
26.90999984741211,29.29999923706055,26.10000038146973,27.149999618530273,29767800,0.0,0.0
24.440000534057614,24.75,21.51000022888184,21.739999771118164,33764200,0.0,0.0
23.51000022888184,24.18000030517578,20.200000762939453,24.020000457763672,45551300,0.0,0.0
22.88999938964844,23.70000076293945,20.40999984741211,21.75,38235000,0.0,0.0
17.90999984741211,22.5,14.699999809265135,14.970000267028807,47752900,0.0,0.0
18.34000015258789,18.459999084472656,15.010000228881836,17.579999923706055,55565800,0.0,0.0
15.050000190734865,17.899999618530273,14.5,14.56999969482422,50744900,0.0,0.0
14.770000457763672,14.890000343322756,12.079999923706055,12.710000038146973,41578700,0.0,0.0
11.15999984741211,11.550000190734865,7.9000000953674325,9.300000190734863,69931000,0.0,0.0
9.130000114440918,10.399999618530273,8.600000381469728,10.0,52662000,0.0,0.0
11.09000015258789,13.8100004196167,10.600000381469727,12.0,80096400,0.0,0.0
11.270000457763672,12.449999809265135,10.609999656677246,12.0,52551800,0.0,0.0
14.0600004196167,16.680000305175778,13.100000381469727,13.68000030517578,65012400,0.0,0.0
15.050000190734865,17.069999694824222,13.119999885559082,15.550000190734865,78051700,0.0,0.0
15.5,19.13999938964844,15.050000190734865,17.81999969482422,97446600,0.0,0.0
16.0,16.15999984741211,14.050000190734865,14.40999984741211,64592400,0.0,0.0
13.4399995803833,13.470000267028807,11.710000038146973,12.800000190734865,46165600,0.0,0.0
10.949999809265137,14.550000190734865,10.949999809265137,13.170000076293945,112205700,0.0,0.0
12.600000381469727,12.609999656677244,8.609999656677246,8.800000190734863,182979300,0.0,0.0
8.010000228881836,8.529999732971191,7.800000190734862,7.96999979019165,262061100,0.0,0.0
8.289999961853027,8.739999771118164,8.020000457763674,8.489999771118164,124436200,0.0,0.0
9.279999732971193,10.960000038146973,9.140000343322754,10.210000038146973,195697600,0.0,0.0
12.350000381469727,12.949999809265135,11.050000190734863,11.300000190734865,185454300,0.0,0.0
11.859999656677244,12.1899995803833,11.359999656677244,11.989999771118164,108041200,0.0,0.0
12.90999984741211,13.729999542236328,11.920000076293945,12.420000076293945,145266500,0.0,0.0
11.770000457763672,11.81999969482422,10.949999809265137,11.5,77438800,0.0,0.0
12.460000038146973,13.1899995803833,12.170000076293945,12.510000228881836,79840100,0.0,0.0
11.880000114440918,12.43000030517578,11.56999969482422,12.380000114440918,55875300,0.0,0.0
12.140000343322756,12.289999961853027,11.369999885559082,11.850000381469727,59788600,0.0,0.0
12.710000038146973,12.770000457763672,12.260000228881836,12.5600004196167,60675100,0.0,0.0
12.079999923706055,12.5600004196167,11.859999656677244,12.220000267028807,41265200,0.0,0.0
11.789999961853027,12.300000190734865,11.619999885559082,11.84000015258789,40644500,0.0,0.0
12.079999923706055,12.18000030517578,11.380000114440918,11.640000343322756,38621600,0.0,0.0
11.6899995803833,12.390000343322756,11.649999618530273,12.170000076293945,46795200,0.0,0.0
12.25,12.350000381469727,11.619999885559082,11.90999984741211,39106100,0.0,0.0
12.0600004196167,13.25,12.0,12.979999542236328,54811200,0.0,0.0
13.960000038146973,14.670000076293945,13.369999885559082,14.460000038146973,90378200,0.0,0.0
15.760000228881836,16.829999923706055,15.630000114440918,16.690000534057614,111882500,0.0,0.0
16.260000228881836,16.690000534057614,15.18000030517578,15.899999618530273,87744900,0.0,0.0
14.899999618530273,15.300000190734865,13.729999542236328,13.93000030517578,63622500,0.0,0.0
13.119999885559082,14.579999923706055,12.75,14.34000015258789,74722700,0.0,0.0
14.25,14.890000343322756,12.93000030517578,13.09000015258789,89357400,0.0,0.0
13.510000228881836,13.59000015258789,12.579999923706055,12.81999969482422,50586800,0.0,0.0
12.979999542236328,13.739999771118164,12.979999542236328,13.529999732971193,39715800,0.0,0.0
14.06999969482422,14.390000343322756,13.649999618530273,14.210000038146973,41587400,0.0,0.0
14.06999969482422,14.289999961853027,13.640000343322756,13.850000381469727,36936900,0.0,0.0
14.109999656677244,14.220000267028807,13.15999984741211,13.1899995803833,35482300,0.0,0.0
13.0,13.010000228881836,11.890000343322756,12.260000228881836,57274000,0.0,0.0
11.670000076293945,12.619999885559082,11.0,12.270000457763672,56189700,0.0,0.0
12.130000114440918,13.100000381469727,11.949999809265135,12.779999732971193,36812800,0.0,0.0
14.100000381469727,15.06999969482422,13.920000076293945,14.720000267028807,79983400,0.0,0.0
14.609999656677244,14.829999923706055,13.630000114440918,14.109999656677244,51347100,0.0,0.0
14.619999885559082,14.6899995803833,13.829999923706055,14.149999618530273,40132600,0.0,0.0
13.899999618530273,15.130000114440918,13.899999618530273,14.600000381469727,50573100,0.0,0.0
14.920000076293945,15.18000030517578,14.149999618530273,14.460000038146973,29208000,0.0,0.0
15.9399995803833,16.520000457763672,15.81999969482422,16.280000686645508,59226200,0.0,0.0
18.15999984741211,18.15999984741211,16.120000839233402,17.239999771118164,88455700,0.0,0.0
17.34000015258789,17.399999618530273,15.739999771118164,15.93000030517578,60785600,0.0,0.0
15.229999542236328,15.920000076293945,15.0,15.739999771118164,50358500,0.0,0.0
15.979999542236328,17.079999923706055,15.869999885559082,16.799999237060547,42436400,0.0,0.0
17.329999923706055,17.479999542236328,16.559999465942386,16.870000839233402,41632100,0.0,0.0
16.709999084472653,17.649999618530273,16.569999694824222,17.25,53113200,0.0,0.0
17.360000610351562,19.059999465942386,16.65999984741211,18.479999542236328,86050100,0.0,0.0
22.299999237060547,22.940000534057614,21.059999465942386,21.51000022888184,113521100,0.0,0.0
24.56999969482422,25.28000068664551,23.40999984741211,24.90999984741211,107262900,0.0,0.0
23.8799991607666,23.899999618530273,21.93000030517578,23.040000915527344,72547400,0.0,0.0
22.200000762939453,22.46999931335449,19.5,20.59000015258789,82883100,0.0,0.0
17.290000915527347,18.989999771118164,16.75,17.440000534057614,79106600,0.0,0.0
19.809999465942386,20.200000762939453,18.530000686645508,19.979999542236328,65140100,0.0,0.0
18.13999938964844,19.81999969482422,17.950000762939453,19.440000534057614,59224500,0.0,0.0
21.81999969482422,21.850000381469727,19.61000061035156,20.420000076293945,58679100,0.0,0.0
19.31999969482422,19.799999237060547,18.670000076293945,19.09000015258789,44645700,0.0,0.0
17.959999084472656,19.549999237060547,17.799999237060547,18.81999969482422,60188000,0.0,0.0
19.299999237060547,19.350000381469727,17.489999771118164,17.829999923706055,54899100,0.0,0.0
17.360000610351562,17.649999618530273,16.540000915527347,17.229999542236328,44450700,0.0,0.0
17.5,18.040000915527344,17.120000839233402,18.0,33867700,0.0,0.0
17.030000686645508,17.280000686645508,15.65999984741211,16.0,47046000,0.0,0.0
15.220000267028807,16.239999771118164,15.109999656677244,16.0,37376700,0.0,0.0
16.209999084472653,16.350000381469727,15.15999984741211,15.779999732971193,36856000,0.0,0.0
15.520000457763672,16.799999237060547,14.920000076293945,16.780000686645508,36047600,0.0,0.0
16.549999237060547,16.709999084472653,15.850000381469727,16.420000076293945,25267600,0.0,0.0
16.940000534057614,17.829999923706055,16.190000534057614,16.360000610351562,37215100,0.0,0.0
17.049999237060547,17.170000076293945,15.800000190734865,15.880000114440918,30023300,0.0,0.0
16.040000915527347,16.219999313354492,15.109999656677244,15.609999656677244,34196900,0.0,0.0
15.15999984741211,15.399999618530273,14.5600004196167,14.56999969482422,31134800,0.0,0.0
14.529999732971193,15.479999542236328,14.270000457763672,15.31999969482422,29958600,0.0,0.0
15.850000381469727,16.0,14.5,14.579999923706055,40152000,0.0,0.0
14.470000267028807,16.270000457763672,14.300000190734865,16.15999984741211,61894100,0.0,0.0
16.479999542236328,16.700000762939453,15.25,15.279999732971193,41340500,0.0,0.0
14.970000267028807,15.18000030517578,14.600000381469727,15.039999961853027,31410700,0.0,0.0
16.129999160766598,17.559999465942386,15.93000030517578,17.479999542236328,72487600,0.0,0.0
16.440000534057614,16.620000839233402,15.779999732971193,15.779999732971193,42311000,0.0,0.0
15.640000343322756,15.989999771118164,15.229999542236328,15.470000267028807,28043600,0.0,0.0
15.5600004196167,15.949999809265135,14.90999984741211,15.0,25175200,0.0,0.0
15.270000457763672,15.479999542236328,15.010000228881836,15.1899995803833,24719200,0.0,0.0
15.100000381469727,15.34000015258789,14.970000267028807,15.140000343322756,17650100,0.0,0.0
15.010000228881836,15.380000114440918,14.510000228881836,14.800000190734865,32436100,0.0,0.0
14.59000015258789,15.350000381469727,14.460000038146973,14.800000190734865,26712200,0.0,0.0
14.609999656677244,14.630000114440918,13.619999885559082,13.75,37462900,0.0,0.0
13.8100004196167,14.59000015258789,13.75,14.329999923706055,31311300,0.0,0.0
14.470000267028807,14.699999809265135,14.09000015258789,14.649999618530273,19415000,0.0,0.0
14.229999542236328,14.520000457763672,14.010000228881836,14.34000015258789,15895300,0.0,0.0
14.220000267028807,14.350000381469727,13.720000267028807,13.880000114440918,20665800,0.0,0.0
13.479999542236328,13.539999961853027,12.829999923706055,13.06999969482422,34967500,0.0,0.0
13.100000381469727,13.989999771118164,13.06999969482422,13.739999771118164,24159800,0.0,0.0
14.199999809265135,14.270000457763672,13.670000076293945,14.020000457763672,24391100,0.0,0.0
13.449999809265135,14.020000457763672,13.300000190734865,13.779999732971193,85130200,0.0,0.0
13.619999885559082,14.31999969482422,13.329999923706055,14.220000267028807,36316300,0.0,0.0
14.369999885559082,15.470000267028807,14.34000015258789,15.4399995803833,41905600,0.0,0.0
16.489999771118164,16.520000457763672,15.619999885559082,15.81999969482422,54167600,0.0,0.0
16.200000762939453,16.229999542236328,14.81999969482422,15.1899995803833,35929900,0.0,0.0
15.0,15.75,14.90999984741211,15.220000267028807,21416100,0.0,0.0
15.020000457763672,15.720000267028807,14.859999656677244,15.470000267028807,20937100,0.0,0.0
15.399999618530273,15.4399995803833,14.68000030517578,14.68000030517578,33330600,0.0,0.0
14.68000030517578,14.90999984741211,14.260000228881836,14.40999984741211,24744600,0.0,0.0
14.420000076293945,15.170000076293945,14.25,14.600000381469727,26620300,0.0,0.0
14.350000381469727,14.720000267028807,14.170000076293945,14.539999961853027,19955400,0.0,0.0
14.470000267028807,14.93000030517578,14.4399995803833,14.649999618530273,18797400,0.0,0.0
15.020000457763672,16.209999084472653,14.649999618530273,16.139999389648438,56417200,0.0,0.0
16.290000915527347,16.389999389648438,15.329999923706055,15.890000343322756,38551500,0.0,0.0
15.699999809265135,15.779999732971193,15.1899995803833,15.279999732971193,24425200,0.0,0.0
15.670000076293945,16.680000305175778,15.649999618530273,16.120000839233402,48079400,0.0,0.0
16.579999923706055,17.34000015258789,16.229999542236328,17.209999084472653,51079100,0.0,0.0
17.329999923706055,17.34000015258789,16.469999313354492,16.479999542236328,43771700,0.0,0.0
16.09000015258789,16.700000762939453,16.020000457763672,16.510000228881836,26448200,0.0,0.0
16.600000381469727,16.770000457763672,16.209999084472653,16.709999084472653,20720900,0.0,0.0
17.6200008392334,18.739999771118164,17.100000381469727,17.579999923706055,94120100,0.0,0.0
18.399999618530273,18.649999618530273,17.399999618530273,18.530000686645508,66539700,0.0,0.0
17.860000610351562,18.920000076293945,17.860000610351562,18.290000915527344,46728100,0.0,0.0
18.1299991607666,18.21999931335449,17.260000228881836,17.65999984741211,36217900,0.0,0.0
17.799999237060547,18.75,17.799999237060547,17.8799991607666,36598300,0.0,0.0
18.239999771118164,18.239999771118164,17.440000534057614,17.690000534057614,23899500,0.0,0.0
17.940000534057614,18.1200008392334,17.540000915527347,17.850000381469727,25838400,0.0,0.0
17.200000762939453,17.229999542236328,15.850000381469727,15.93000030517578,80598100,0.0,0.0
16.100000381469727,16.670000076293945,15.9399995803833,16.459999084472653,38270300,0.0,0.0
15.800000190734865,16.510000228881836,15.699999809265135,16.239999771118164,30506200,0.0,0.0
15.960000038146973,16.079999923706055,15.06999969482422,15.3100004196167,51607600,0.0,0.0
14.75,14.890000343322756,14.0,14.289999961853027,42775100,0.0,0.0
14.399999618530273,14.81999969482422,14.18000030517578,14.40999984741211,30011100,0.0,0.0
14.550000190734865,15.050000190734865,14.109999656677244,14.130000114440918,31255200,0.0,0.0
14.06999969482422,14.170000076293945,13.399999618530273,13.739999771118164,32679800,0.0,0.0
14.550000190734865,15.09000015258789,14.170000076293945,15.06999969482422,54137400,0.0,0.0
15.539999961853027,15.550000190734865,14.779999732971193,15.3100004196167,36759400,0.0,0.0
15.25,15.43000030517578,14.81999969482422,15.06999969482422,23215000,0.0,0.0
15.420000076293945,15.960000038146973,15.109999656677244,15.18000030517578,44374800,0.0,0.0
15.43000030517578,15.43000030517578,14.699999809265135,15.029999732971193,28158400,0.0,0.0
14.260000228881836,15.220000267028807,14.229999542236328,15.15999984741211,30936100,0.0,0.0
15.109999656677244,15.229999542236328,14.800000190734865,14.960000038146973,22169300,0.0,0.0
15.260000228881836,15.970000267028807,15.119999885559082,15.1899995803833,43724300,0.0,0.0
15.479999542236328,16.049999237060547,15.289999961853027,15.989999771118164,30265000,0.0,0.0
16.15999984741211,16.170000076293945,15.369999885559082,15.609999656677244,40986000,0.0,0.0
15.720000267028807,16.069999694824222,15.539999961853027,15.6899995803833,33815700,0.0,0.0
15.449999809265135,15.510000228881836,15.199999809265135,15.210000038146973,25968000,0.0,0.0
14.710000038146973,14.829999923706055,13.979999542236328,14.029999732971193,49344200,0.0,0.0
14.329999923706055,14.43000030517578,13.90999984741211,13.970000267028807,34463900,0.0,0.0
13.720000267028807,14.039999961853027,13.619999885559082,14.020000457763672,29283600,0.0,0.0
14.050000190734865,14.329999923706055,13.710000038146973,14.079999923706055,39528600,0.0,0.0
14.210000038146973,14.5,13.989999771118164,14.149999618530273,28037800,0.0,0.0
14.420000076293945,14.710000038146973,14.229999542236328,14.609999656677244,27572800,0.0,0.0
14.600000381469727,14.630000114440918,14.3100004196167,14.479999542236328,17538900,0.0,0.0
14.529999732971193,15.239999771118164,14.470000267028807,15.1899995803833,32572800,0.0,0.0
15.1899995803833,15.5,15.029999732971193,15.359999656677244,25638400,0.0,0.0
14.75,14.829999923706055,13.81999969482422,14.029999732971193,49748400,0.0,0.0
14.039999961853027,14.170000076293945,13.729999542236328,13.760000228881836,24449800,0.0,0.0
13.239999771118164,13.270000457763672,12.289999961853027,12.300000190734865,58953200,0.0,0.0
12.34000015258789,13.09000015258789,12.109999656677244,12.979999542236328,31579500,0.0,0.0
12.779999732971193,14.479999542236328,12.619999885559082,13.710000038146973,76419100,0.0,0.0
13.489999771118164,13.649999618530273,12.93000030517578,13.550000190734865,31928100,0.0,0.0
13.59000015258789,13.979999542236328,13.470000267028807,13.710000038146973,26494900,0.0,0.0
13.6899995803833,13.869999885559082,13.260000228881836,13.34000015258789,27613000,0.0,0.0
13.529999732971193,14.229999542236328,13.449999809265135,14.18000030517578,27600300,0.0,0.0
13.90999984741211,14.140000343322756,13.65999984741211,13.81999969482422,19585600,0.0,0.0
18.489999771118164,19.86000061035156,17.709999084472656,19.25,185304300,0.0,0.0
18.540000915527344,18.670000076293945,16.399999618530273,16.729999542236328,119449500,0.0,0.0
16.950000762939453,16.989999771118164,16.079999923706055,16.209999084472653,57841400,0.0,0.0
15.640000343322756,15.850000381469727,14.880000114440918,14.93000030517578,87592200,0.0,0.0
15.1899995803833,16.200000762939453,14.979999542236328,16.010000228881836,159666300,0.0,0.0
17.34000015258789,18.0,16.90999984741211,17.569999694824222,112274700,0.0,0.0
17.200000762939453,18.57999992370605,16.940000534057614,18.049999237060547,63499700,0.0,0.0
17.540000915527347,18.299999237060547,17.440000534057614,17.59000015258789,72257800,0.0,0.0
17.670000076293945,18.25,17.459999084472653,18.190000534057614,44098300,0.0,0.0
18.15999984741211,18.280000686645508,17.329999923706055,17.370000839233402,52433300,0.0,0.0
17.8700008392334,18.36000061035156,17.6299991607666,18.18000030517578,50751300,0.0,0.0
19.38999938964844,20.43000030517578,19.059999465942386,20.229999542236328,80233200,0.0,0.0
20.479999542236328,20.899999618530273,19.920000076293945,20.649999618530273,60387900,0.0,0.0
21.0,22.25,20.86000061035156,21.57999992370605,46919100,0.0,0.0
21.770000457763672,21.770000457763672,19.82999992370605,19.979999542236328,86740700,0.0,0.0
20.989999771118164,21.01000022888184,20.049999237060547,20.149999618530273,48105200,0.0,0.0
19.809999465942386,21.270000457763672,19.229999542236328,21.15999984741211,52282400,0.0,0.0
21.479999542236328,23.5,21.3700008392334,22.8799991607666,92899300,0.0,0.0
23.540000915527344,23.709999084472656,22.60000038146973,23.45000076293945,65203900,0.0,0.0
23.38999938964844,23.45000076293945,22.70000076293945,23.20000076293945,47155000,0.0,0.0
23.01000022888184,23.920000076293945,22.95000076293945,23.56999969482422,42765200,0.0,0.0
23.96999931335449,24.3799991607666,21.96999931335449,22.690000534057614,66956200,0.0,0.0
22.25,23.06999969482422,22.15999984741211,22.31999969482422,50011800,0.0,0.0
22.63999938964844,22.81999969482422,21.280000686645508,21.31999969482422,52517400,0.0,0.0
22.31999969482422,22.75,20.93000030517578,20.93000030517578,55423500,0.0,0.0
21.21999931335449,21.709999084472656,19.950000762939453,21.530000686645508,56875000,0.0,0.0
21.530000686645508,22.209999084472656,21.309999465942386,21.76000022888184,35103700,0.0,0.0
21.88999938964844,21.899999618530273,21.309999465942386,21.6299991607666,25810800,0.0,0.0
21.61000061035156,21.979999542236328,21.0,21.459999084472656,68420700,0.0,0.0
20.21999931335449,21.299999237060547,20.030000686645508,21.059999465942386,51476700,0.0,0.0
21.06999969482422,21.26000022888184,19.75,19.809999465942386,39933700,0.0,0.0
20.1200008392334,21.07999992370605,20.030000686645508,20.940000534057614,31385200,0.0,0.0
20.979999542236328,21.07999992370605,20.43000030517578,20.84000015258789,14819300,0.0,0.0
21.309999465942386,22.049999237060547,21.020000457763672,21.709999084472656,33112800,0.0,0.0
22.21999931335449,22.270000457763672,21.36000061035156,21.43000030517578,26851200,0.0,0.0
21.520000457763672,22.09000015258789,21.3799991607666,21.790000915527344,23606400,0.0,0.0
21.6200008392334,21.790000915527344,20.899999618530273,21.65999984741211,25679300,0.0,0.0
21.700000762939453,21.709999084472656,20.040000915527344,20.3799991607666,40642500,0.0,0.0
20.18000030517578,20.850000381469727,20.149999618530273,20.600000381469727,32464400,0.0,0.0
20.540000915527344,20.920000076293945,20.15999984741211,20.399999618530273,35295900,0.0,0.0
20.479999542236328,21.280000686645508,20.46999931335449,20.739999771118164,28989000,0.0,0.0
20.8700008392334,21.020000457763672,20.18000030517578,20.46999931335449,30370000,0.0,0.0
20.170000076293945,20.440000534057614,19.6299991607666,20.13999938964844,31268900,0.0,0.0
20.049999237060547,20.13999938964844,19.61000061035156,20.1299991607666,33169500,0.0,0.0
19.86000061035156,20.200000762939453,19.68000030517578,20.100000381469727,24791400,0.0,0.0
20.459999084472656,21.549999237060547,20.450000762939453,20.920000076293945,46177600,0.0,0.0
20.780000686645508,21.399999618530273,20.56999969482422,20.790000915527344,33762400,0.0,0.0
21.0,21.26000022888184,20.61000061035156,20.8700008392334,21273500,0.0,0.0
21.01000022888184,21.209999084472656,20.59000015258789,20.780000686645508,21272500,0.0,0.0
20.700000762939453,20.8799991607666,20.31999969482422,20.739999771118164,20241500,0.0,0.0
20.309999465942386,20.43000030517578,20.040000915527344,20.21999931335449,24748800,0.0,0.0
19.799999237060547,19.809999465942386,18.729999542236328,19.21999931335449,55839500,0.0,0.0
19.399999618530273,19.51000022888184,18.6200008392334,18.71999931335449,44110700,0.0,0.0
18.40999984741211,19.420000076293945,17.959999084472656,18.979999542236328,50578900,0.0,0.0
20.100000381469727,20.670000076293945,19.65999984741211,19.739999771118164,59670200,0.0,0.0
19.700000762939453,19.809999465942386,18.3799991607666,18.670000076293945,50242100,0.0,0.0
18.959999084472656,19.1299991607666,18.40999984741211,18.799999237060547,27139000,0.0,0.0
19.21999931335449,19.600000381469727,18.979999542236328,19.450000762939453,27697100,0.0,0.0
19.6299991607666,20.489999771118164,19.440000534057614,20.440000534057614,33548800,0.0,0.0
21.0,21.32999992370605,20.65999984741211,21.049999237060547,32541100,0.0,0.0
21.38999938964844,21.75,21.1299991607666,21.309999465942386,29831100,0.0,0.0
21.600000381469727,21.809999465942386,21.25,21.61000061035156,22166600,0.0,0.0
21.420000076293945,21.420000076293945,20.68000030517578,21.049999237060547,26144100,0.0,0.0
21.149999618530273,21.649999618530273,20.8700008392334,20.93000030517578,27930900,0.0,0.0
20.899999618530273,21.1299991607666,20.459999084472656,20.71999931335449,22597500,0.0,0.0
20.100000381469727,20.82999992370605,20.049999237060547,20.600000381469727,25028300,0.0,0.0
21.15999984741211,22.559999465942386,20.959999084472656,22.46999931335449,55038100,0.0,0.0
22.280000686645508,24.059999465942386,21.8799991607666,23.20000076293945,59742500,0.0,0.0
22.96999931335449,23.149999618530273,22.3799991607666,22.88999938964844,26606400,0.0,0.0
23.6200008392334,24.71999931335449,23.479999542236328,24.59000015258789,52483300,0.0,0.0
25.13999938964844,27.32999992370605,24.649999618530273,25.96999931335449,87361900,0.0,0.0
25.07999992370605,26.729999542236328,23.459999084472656,26.459999084472656,115819500,0.0,0.0
27.09000015258789,28.18000030517578,26.729999542236328,27.01000022888184,92985300,0.0,0.0
27.90999984741211,28.239999771118164,25.06999969482422,25.46999931335449,71020500,0.0,0.0
25.88999938964844,26.86000061035156,25.270000457763672,26.75,57944500,0.0,0.0
27.54999923706055,27.920000076293945,26.020000457763672,26.309999465942386,59505200,0.0,0.0
26.90999984741211,27.85000038146973,26.540000915527344,27.59000015258789,49112000,0.0,0.0
28.45000076293945,29.59000015258789,28.18000030517578,28.670000076293945,71407600,0.0,0.0
29.09000015258789,29.43000030517578,26.229999542236328,27.399999618530273,73686600,0.0,0.0
27.11000061035156,27.15999984741211,23.26000022888184,26.09000015258789,83663500,0.0,0.0
27.040000915527344,27.270000457763672,25.79999923706055,26.690000534057614,47937400,0.0,0.0
26.989999771118164,27.85000038146973,25.79999923706055,27.57999992370605,42494400,0.0,0.0
27.399999618530273,28.420000076293945,26.670000076293945,26.70000076293945,41891000,0.0,0.0
27.020000457763672,27.770000457763672,26.479999542236328,27.46999931335449,33171600,0.0,0.0
27.3799991607666,28.5,27.290000915527344,28.459999084472656,32432400,0.0,0.0
28.979999542236328,30.1200008392334,28.899999618530273,29.790000915527344,53480800,0.0,0.0
29.95000076293945,29.979999542236328,27.85000038146973,28.25,50549500,0.0,0.0
28.149999618530273,28.95000076293945,27.81999969482422,28.93000030517578,30253200,0.0,0.0
29.489999771118164,29.739999771118164,28.020000457763672,28.270000457763672,46998200,0.0,0.0
28.479999542236328,29.09000015258789,27.1299991607666,28.959999084472656,41387500,0.0,0.0
28.309999465942386,28.46999931335449,27.35000038146973,27.479999542236328,33792000,0.0,0.0
27.0,27.34000015258789,25.18000030517578,25.32999992370605,51242200,0.0,0.0
26.25,27.3700008392334,24.149999618530273,24.85000038146973,72339100,0.0,0.0
23.90999984741211,26.040000915527344,23.71999931335449,25.85000038146973,47085000,0.0,0.0
26.25,26.51000022888184,25.209999084472656,26.059999465942386,28510500,0.0,0.0
26.04999923706055,26.13999938964844,25.25,25.6299991607666,19988900,0.0,0.0
25.70000076293945,26.82999992370605,25.65999984741211,26.649999618530273,23735600,0.0,0.0
26.57999992370605,26.79999923706055,25.90999984741211,26.540000915527344,21560400,0.0,0.0
26.989999771118164,27.10000038146973,26.53000068664551,26.86000061035156,19600400,0.0,0.0
27.79999923706055,28.729999542236328,27.690000534057614,28.11000061035156,40105700,0.0,0.0
28.170000076293945,29.09000015258789,27.85000038146973,28.60000038146973,35528100,0.0,0.0
29.420000076293945,30.6299991607666,28.8700008392334,29.0,70953700,0.0,0.0
29.1299991607666,29.1299991607666,27.81999969482422,28.559999465942386,37870800,0.0,0.0
28.79999923706055,29.57999992370605,28.489999771118164,29.29999923706055,36216800,0.0,0.0
28.899999618530273,29.07999992370605,27.479999542236328,27.75,39161600,0.0,0.0
27.11000061035156,27.940000534057614,26.729999542236328,27.81999969482422,27690600,0.0,0.0
28.01000022888184,28.75,27.85000038146973,27.940000534057614,23267500,0.0,0.0
28.18000030517578,28.20000076293945,27.1200008392334,27.31999969482422,24024400,0.0,0.0
27.53000068664551,27.790000915527344,26.81999969482422,27.03000068664551,22042400,0.0,0.0
27.10000038146973,27.270000457763672,26.38999938964844,26.88999938964844,22214500,0.0,0.0
26.479999542236328,26.51000022888184,25.1200008392334,25.71999931335449,31217000,0.0,0.0
25.649999618530273,27.35000038146973,25.25,27.32999992370605,31354100,0.0,0.0
26.969999313354492,27.899999618530273,26.770000457763672,26.90999984741211,29698400,0.0,0.0
27.0,27.40999984741211,26.56999969482422,27.270000457763672,19297600,0.0,0.0
